0, 0, Header, 1, 14, 192
1, 0, Start_track
1, 0, Time_signature, 4, 2, 24, 8
1, 0, Tempo, 779220
1, 0, Key_signature, -4, "major"
1, 33416, Tempo, 540540
1, 33816, Tempo, 666666
1, 33912, Tempo, 1052631
1, 34368, Tempo, 1276595
1, 34560, Tempo, 779220
1, 35696, Tempo, 895522
1, 35816, Tempo, 1000000
1, 35960, Tempo, 1111111
1, 36024, Tempo, 1304347
1, 36104, Tempo, 1000000
1, 36496, Tempo, 1052631
1, 36584, Tempo, 1176470
1, 36720, Tempo, 1276595
1, 36840, Tempo, 1071428
1, 37224, Tempo, 967741
1, 37224, End_track
2, 0, Start_track
2, 0, Title_t, "Soft karaoke"
2, 0, Text_t, "@KMIDI KARAOKE FILE"
2, 0, End_track
3, 0, Start_track
3, 0, Title_t, "Words"
3, 0, Text_t, "@LENGL"
3, 0, Text_t, "@TPut Your Head On My Shoulder"
3, 0, Text_t, "@TPaul Anka"
3, 3264, Text_t, "\\Put"
3, 3388, Text_t, " your"
3, 3456, Text_t, " head"
3, 3584, Text_t, " on"
3, 3712, Text_t, " my"
3, 3836, Text_t, " shoul"
3, 4224, Text_t, "d"
3, 4288, Text_t, "er"
3, 4796, Text_t, "/Hold"
3, 4928, Text_t, " me"
3, 4992, Text_t, " in"
3, 5052, Text_t, " your"
3, 5116, Text_t, " arms,"
3, 5568, Text_t, " ba"
3, 5760, Text_t, "by"
3, 6332, Text_t, "/Squeeze"
3, 6460, Text_t, " me"
3, 6528, Text_t, " oh"
3, 6656, Text_t, " so"
3, 6722, Text_t, " tight,"
3, 7104, Text_t, " show"
3, 7296, Text_t, " me"
3, 7866, Text_t, "/That"
3, 8000, Text_t, " you"
3, 8066, Text_t, " love"
3, 8384, Text_t, " me"
3, 8450, Text_t, " too"
3, 9408, Text_t, "\\Put"
3, 9532, Text_t, " your"
3, 9600, Text_t, " lips"
3, 9728, Text_t, " next"
3, 9856, Text_t, " to"
3, 9980, Text_t, " mine,"
3, 10368, Text_t, " de"
3, 10432, Text_t, "ar"
3, 10940, Text_t, "/Won't"
3, 11072, Text_t, " you"
3, 11136, Text_t, " kiss"
3, 11264, Text_t, " me"
3, 11328, Text_t, " once,"
3, 11712, Text_t, " ba"
3, 11904, Text_t, "by"
3, 12476, Text_t, "/Just"
3, 12604, Text_t, " a"
3, 12672, Text_t, " kiss"
3, 12800, Text_t, " good"
3, 12866, Text_t, "night,"
3, 13248, Text_t, " may"
3, 13440, Text_t, "be"
3, 14010, Text_t, "/You"
3, 14144, Text_t, " and"
3, 14210, Text_t, " I"
3, 14336, Text_t, " will"
3, 14400, Text_t, " fall"
3, 14528, Text_t, " in"
3, 14594, Text_t, " love"
3, 16128, Text_t, "\\Peo"
3, 16250, Text_t, "ple"
3, 16512, Text_t, " say"
3, 16832, Text_t, " that"
3, 16896, Text_t, " love's"
3, 17216, Text_t, " a"
3, 17282, Text_t, " game"
3, 17596, Text_t, "/A"
3, 17664, Text_t, " ga"
3, 17724, Text_t, "me"
3, 17980, Text_t, " you"
3, 18048, Text_t, " just"
3, 18368, Text_t, " can't"
3, 18432, Text_t, " win"
3, 19136, Text_t, "/If"
3, 19200, Text_t, " there's"
3, 19520, Text_t, " a"
3, 19586, Text_t, " way"
3, 19904, Text_t, "/I'll"
3, 19968, Text_t, " find"
3, 20160, Text_t, " me"
3, 20256, Text_t, " some"
3, 20352, Text_t, "bo"
3, 20412, Text_t, "dy"
3, 20668, Text_t, "/And"
3, 20736, Text_t, " then"
3, 20924, Text_t, " this"
3, 21116, Text_t, " fool"
3, 21244, Text_t, " will"
3, 21440, Text_t, " rush"
3, 21506, Text_t, " in"
3, 22464, Text_t, "\\Put"
3, 22588, Text_t, " your"
3, 22656, Text_t, " head"
3, 22784, Text_t, " on"
3, 22912, Text_t, " my"
3, 23036, Text_t, " shoul"
3, 23296, Text_t, "d"
3, 23424, Text_t, "er"
3, 23996, Text_t, "/Whis"
3, 24128, Text_t, "per"
3, 24256, Text_t, " in"
3, 24320, Text_t, " my"
3, 24384, Text_t, " ear,"
3, 24768, Text_t, " ba"
3, 24960, Text_t, "by"
3, 25532, Text_t, "/Words"
3, 25660, Text_t, " I"
3, 25728, Text_t, " want"
3, 25856, Text_t, " to"
3, 25922, Text_t, " hear,"
3, 26304, Text_t, " tell"
3, 26496, Text_t, " me"
3, 27066, Text_t, "/Tell"
3, 27200, Text_t, " me"
3, 27328, Text_t, " that"
3, 27392, Text_t, " you"
3, 27456, Text_t, " love"
3, 27584, Text_t, " me"
3, 27648, Text_t, " too."
3, 28608, Text_t, "\\Put"
3, 28732, Text_t, " your"
3, 28800, Text_t, " head"
3, 28928, Text_t, " on"
3, 29056, Text_t, " my"
3, 29180, Text_t, " shoul"
3, 29568, Text_t, "d"
3, 29632, Text_t, "er"
3, 30140, Text_t, "/Whis"
3, 30272, Text_t, "per"
3, 30336, Text_t, " in"
3, 30464, Text_t, " my"
3, 30528, Text_t, " ear,"
3, 30912, Text_t, " ba"
3, 31104, Text_t, "by"
3, 31676, Text_t, "/Words"
3, 31804, Text_t, " I"
3, 31872, Text_t, " want"
3, 32000, Text_t, " to"
3, 32066, Text_t, " hear,"
3, 32448, Text_t, " ba"
3, 32640, Text_t, "by"
3, 33408, Text_t, "/Put"
3, 33600, Text_t, " your"
3, 33792, Text_t, " head"
3, 33920, Text_t, " on"
3, 34368, Text_t, " my"
3, 34560, Text_t, " should"
3, 34752, Text_t, "er"
3, 34752, End_track
4, 0, Start_track
4, 0, MIDI_port, 0
4, 0, Title_t, "PUT YOUR HEAD ON MY "
4, 196, Program_c, 0, 27
4, 198, Control_c, 0, 7, 90
4, 198, Control_c, 0, 10, 115
4, 198, Control_c, 0, 11, 127
4, 200, Control_c, 0, 91, 80
4, 200, Control_c, 0, 93, 50
4, 768, Note_on_c, 0, 71, 79
4, 770, Control_c, 0, 1, 0
4, 770, Pitch_bend_c, 0, 8192
4, 784, Note_on_c, 0, 74, 88
4, 792, Control_c, 0, 11, 105
4, 816, Control_c, 0, 11, 127
4, 840, Control_c, 0, 11, 105
4, 864, Control_c, 0, 11, 127
4, 888, Control_c, 0, 11, 105
4, 912, Control_c, 0, 11, 127
4, 936, Control_c, 0, 11, 105
4, 960, Control_c, 0, 11, 127
4, 984, Control_c, 0, 11, 105
4, 1008, Control_c, 0, 11, 127
4, 1032, Control_c, 0, 11, 105
4, 1056, Control_c, 0, 11, 127
4, 1080, Control_c, 0, 11, 105
4, 1104, Control_c, 0, 11, 127
4, 1128, Control_c, 0, 11, 105
4, 1152, Control_c, 0, 11, 127
4, 1176, Control_c, 0, 11, 105
4, 1200, Control_c, 0, 11, 127
4, 1224, Control_c, 0, 11, 105
4, 1248, Control_c, 0, 11, 127
4, 1272, Control_c, 0, 11, 105
4, 1296, Control_c, 0, 11, 127
4, 1314, Note_off_c, 0, 74, 64
4, 1330, Note_off_c, 0, 71, 64
4, 1338, Control_c, 0, 11, 105
4, 1340, Note_on_c, 0, 74, 83
4, 1344, Control_c, 0, 11, 127
4, 1352, Note_on_c, 0, 78, 85
4, 1368, Control_c, 0, 11, 105
4, 1392, Control_c, 0, 11, 127
4, 1416, Control_c, 0, 11, 105
4, 1440, Control_c, 0, 11, 127
4, 1464, Control_c, 0, 11, 105
4, 1488, Control_c, 0, 11, 127
4, 1512, Control_c, 0, 11, 105
4, 1516, Note_off_c, 0, 74, 64
4, 1522, Note_off_c, 0, 78, 64
4, 1532, Note_on_c, 0, 72, 81
4, 1534, Control_c, 0, 11, 127
4, 1536, Note_on_c, 0, 76, 88
4, 1560, Control_c, 0, 11, 105
4, 1584, Control_c, 0, 11, 127
4, 1608, Control_c, 0, 11, 105
4, 1632, Control_c, 0, 11, 127
4, 1656, Control_c, 0, 11, 105
4, 1680, Control_c, 0, 11, 127
4, 1704, Control_c, 0, 11, 105
4, 1728, Control_c, 0, 11, 127
4, 1752, Control_c, 0, 11, 105
4, 1776, Control_c, 0, 11, 127
4, 1800, Control_c, 0, 11, 105
4, 1824, Control_c, 0, 11, 127
4, 1848, Control_c, 0, 11, 105
4, 1872, Control_c, 0, 11, 127
4, 1896, Control_c, 0, 11, 105
4, 1900, Note_off_c, 0, 72, 64
4, 1904, Note_off_c, 0, 76, 64
4, 1924, Note_on_c, 0, 72, 75
4, 1928, Note_on_c, 0, 75, 85
4, 1968, Control_c, 0, 11, 127
4, 1992, Control_c, 0, 11, 105
4, 2016, Control_c, 0, 11, 127
4, 2040, Control_c, 0, 11, 105
4, 2064, Control_c, 0, 11, 127
4, 2088, Control_c, 0, 11, 105
4, 2112, Control_c, 0, 11, 127
4, 2136, Control_c, 0, 11, 105
4, 2160, Control_c, 0, 11, 127
4, 2184, Control_c, 0, 11, 105
4, 2208, Control_c, 0, 11, 127
4, 2232, Control_c, 0, 11, 105
4, 2256, Control_c, 0, 11, 127
4, 2280, Control_c, 0, 11, 105
4, 2288, Note_off_c, 0, 72, 64
4, 2292, Note_off_c, 0, 75, 64
4, 2298, Note_on_c, 0, 71, 75
4, 2304, Note_on_c, 0, 74, 86
4, 2304, Control_c, 0, 11, 127
4, 2328, Control_c, 0, 11, 105
4, 2352, Control_c, 0, 11, 127
4, 2376, Control_c, 0, 11, 105
4, 2400, Control_c, 0, 11, 127
4, 2424, Control_c, 0, 11, 105
4, 2448, Control_c, 0, 11, 127
4, 2472, Control_c, 0, 11, 105
4, 2496, Control_c, 0, 11, 127
4, 2520, Control_c, 0, 11, 105
4, 2544, Control_c, 0, 11, 127
4, 2568, Control_c, 0, 11, 105
4, 2592, Control_c, 0, 11, 127
4, 2616, Control_c, 0, 11, 105
4, 2640, Control_c, 0, 11, 127
4, 2664, Control_c, 0, 11, 105
4, 2668, Note_off_c, 0, 71, 64
4, 2672, Note_off_c, 0, 74, 64
4, 2690, Control_c, 0, 11, 127
4, 2692, Note_on_c, 0, 72, 77
4, 2698, Note_on_c, 0, 76, 87
4, 2712, Control_c, 0, 11, 105
4, 2736, Control_c, 0, 11, 127
4, 2760, Control_c, 0, 11, 105
4, 2784, Control_c, 0, 11, 127
4, 2808, Control_c, 0, 11, 105
4, 2832, Control_c, 0, 11, 127
4, 2856, Control_c, 0, 11, 105
4, 2880, Control_c, 0, 11, 127
4, 2904, Control_c, 0, 11, 105
4, 2928, Control_c, 0, 11, 127
4, 2952, Control_c, 0, 11, 105
4, 2976, Control_c, 0, 11, 127
4, 3000, Control_c, 0, 11, 105
4, 3024, Control_c, 0, 11, 127
4, 3048, Control_c, 0, 11, 105
4, 3060, Note_off_c, 0, 76, 64
4, 3068, Note_off_c, 0, 72, 64
4, 3076, Note_on_c, 0, 74, 100
4, 3076, Note_on_c, 0, 71, 87
4, 3120, Control_c, 0, 11, 127
4, 3144, Control_c, 0, 11, 105
4, 3160, Note_off_c, 0, 74, 64
4, 3160, Note_off_c, 0, 71, 64
4, 4412, Note_on_c, 0, 74, 83
4, 4416, Control_c, 0, 11, 127
4, 4424, Note_on_c, 0, 78, 85
4, 4440, Control_c, 0, 11, 105
4, 4464, Control_c, 0, 11, 127
4, 4488, Control_c, 0, 11, 105
4, 4512, Control_c, 0, 11, 127
4, 4536, Control_c, 0, 11, 105
4, 4560, Control_c, 0, 11, 127
4, 4584, Control_c, 0, 11, 105
4, 4592, Note_off_c, 0, 78, 64
4, 4596, Note_off_c, 0, 74, 64
4, 4604, Note_on_c, 0, 72, 81
4, 4606, Control_c, 0, 11, 127
4, 4608, Note_on_c, 0, 76, 88
4, 4632, Control_c, 0, 11, 105
4, 4656, Control_c, 0, 11, 127
4, 4680, Control_c, 0, 11, 105
4, 4704, Control_c, 0, 11, 127
4, 4728, Control_c, 0, 11, 105
4, 4752, Control_c, 0, 11, 127
4, 4776, Control_c, 0, 11, 105
4, 4800, Control_c, 0, 11, 127
4, 4824, Control_c, 0, 11, 105
4, 4848, Control_c, 0, 11, 127
4, 4872, Control_c, 0, 11, 105
4, 4896, Control_c, 0, 11, 127
4, 4920, Control_c, 0, 11, 105
4, 4944, Control_c, 0, 11, 127
4, 4968, Control_c, 0, 11, 105
4, 4976, Note_off_c, 0, 72, 64
4, 4980, Note_off_c, 0, 76, 64
4, 4996, Note_on_c, 0, 72, 75
4, 5000, Note_on_c, 0, 75, 85
4, 5040, Control_c, 0, 11, 127
4, 5064, Control_c, 0, 11, 105
4, 5088, Control_c, 0, 11, 127
4, 5112, Control_c, 0, 11, 105
4, 5136, Control_c, 0, 11, 127
4, 5160, Control_c, 0, 11, 105
4, 5184, Control_c, 0, 11, 127
4, 5208, Control_c, 0, 11, 105
4, 5232, Control_c, 0, 11, 127
4, 5256, Control_c, 0, 11, 105
4, 5280, Control_c, 0, 11, 127
4, 5304, Control_c, 0, 11, 105
4, 5328, Control_c, 0, 11, 127
4, 5352, Control_c, 0, 11, 105
4, 5364, Note_off_c, 0, 72, 64
4, 5364, Note_off_c, 0, 75, 64
4, 5370, Note_on_c, 0, 71, 84
4, 5376, Control_c, 0, 11, 127
4, 5378, Note_on_c, 0, 74, 88
4, 5400, Control_c, 0, 11, 105
4, 5424, Control_c, 0, 11, 127
4, 5448, Control_c, 0, 11, 105
4, 5472, Control_c, 0, 11, 127
4, 5496, Control_c, 0, 11, 105
4, 5520, Control_c, 0, 11, 127
4, 5544, Control_c, 0, 11, 105
4, 5568, Control_c, 0, 11, 127
4, 5592, Control_c, 0, 11, 105
4, 5616, Control_c, 0, 11, 127
4, 5640, Control_c, 0, 11, 105
4, 5664, Control_c, 0, 11, 127
4, 5688, Control_c, 0, 11, 105
4, 5712, Control_c, 0, 11, 127
4, 5736, Control_c, 0, 11, 105
4, 5760, Control_c, 0, 11, 127
4, 5784, Control_c, 0, 11, 105
4, 5808, Control_c, 0, 11, 127
4, 5832, Control_c, 0, 11, 105
4, 5856, Control_c, 0, 11, 127
4, 5880, Control_c, 0, 11, 105
4, 5904, Control_c, 0, 11, 127
4, 5928, Control_c, 0, 11, 105
4, 5938, Note_off_c, 0, 71, 64
4, 5938, Note_off_c, 0, 74, 64
4, 5948, Note_on_c, 0, 74, 83
4, 5952, Control_c, 0, 11, 127
4, 5960, Note_on_c, 0, 78, 85
4, 5976, Control_c, 0, 11, 105
4, 6000, Control_c, 0, 11, 127
4, 6024, Control_c, 0, 11, 105
4, 6048, Control_c, 0, 11, 127
4, 6072, Control_c, 0, 11, 105
4, 6096, Control_c, 0, 11, 127
4, 6120, Control_c, 0, 11, 105
4, 6128, Note_off_c, 0, 74, 64
4, 6130, Note_off_c, 0, 78, 64
4, 6140, Note_on_c, 0, 72, 81
4, 6142, Control_c, 0, 11, 127
4, 6144, Note_on_c, 0, 76, 88
4, 6168, Control_c, 0, 11, 105
4, 6192, Control_c, 0, 11, 127
4, 6216, Control_c, 0, 11, 105
4, 6240, Control_c, 0, 11, 127
4, 6264, Control_c, 0, 11, 105
4, 6288, Control_c, 0, 11, 127
4, 6312, Control_c, 0, 11, 105
4, 6336, Control_c, 0, 11, 127
4, 6360, Control_c, 0, 11, 105
4, 6384, Control_c, 0, 11, 127
4, 6408, Control_c, 0, 11, 105
4, 6432, Control_c, 0, 11, 127
4, 6456, Control_c, 0, 11, 105
4, 6480, Control_c, 0, 11, 127
4, 6504, Control_c, 0, 11, 105
4, 6516, Note_off_c, 0, 72, 64
4, 6516, Note_off_c, 0, 76, 64
4, 6532, Note_on_c, 0, 72, 75
4, 6536, Note_on_c, 0, 75, 85
4, 6576, Control_c, 0, 11, 127
4, 6600, Control_c, 0, 11, 105
4, 6624, Control_c, 0, 11, 127
4, 6648, Control_c, 0, 11, 105
4, 6672, Control_c, 0, 11, 127
4, 6696, Control_c, 0, 11, 105
4, 6720, Control_c, 0, 11, 127
4, 6744, Control_c, 0, 11, 105
4, 6768, Control_c, 0, 11, 127
4, 6792, Control_c, 0, 11, 105
4, 6816, Control_c, 0, 11, 127
4, 6840, Control_c, 0, 11, 105
4, 6864, Control_c, 0, 11, 127
4, 6888, Control_c, 0, 11, 105
4, 6900, Note_off_c, 0, 72, 64
4, 6908, Note_off_c, 0, 75, 64
4, 6912, Note_on_c, 0, 71, 84
4, 6916, Note_on_c, 0, 74, 88
4, 6960, Control_c, 0, 11, 127
4, 6984, Control_c, 0, 11, 105
4, 7008, Control_c, 0, 11, 127
4, 7032, Control_c, 0, 11, 105
4, 7056, Control_c, 0, 11, 127
4, 7080, Control_c, 0, 11, 105
4, 7104, Control_c, 0, 11, 127
4, 7128, Control_c, 0, 11, 105
4, 7152, Control_c, 0, 11, 127
4, 7176, Control_c, 0, 11, 105
4, 7200, Control_c, 0, 11, 127
4, 7224, Control_c, 0, 11, 105
4, 7248, Control_c, 0, 11, 127
4, 7272, Control_c, 0, 11, 105
4, 7296, Control_c, 0, 11, 127
4, 7320, Control_c, 0, 11, 105
4, 7344, Control_c, 0, 11, 127
4, 7368, Control_c, 0, 11, 105
4, 7392, Control_c, 0, 11, 127
4, 7416, Control_c, 0, 11, 105
4, 7440, Control_c, 0, 11, 127
4, 7464, Control_c, 0, 11, 105
4, 7474, Note_off_c, 0, 71, 64
4, 7476, Note_off_c, 0, 74, 64
4, 7484, Note_on_c, 0, 71, 83
4, 7488, Control_c, 0, 11, 127
4, 7496, Note_on_c, 0, 74, 85
4, 7512, Control_c, 0, 11, 105
4, 7536, Control_c, 0, 11, 127
4, 7560, Control_c, 0, 11, 105
4, 7584, Control_c, 0, 11, 127
4, 7608, Control_c, 0, 11, 105
4, 7632, Control_c, 0, 11, 127
4, 7656, Control_c, 0, 11, 105
4, 7668, Note_off_c, 0, 71, 64
4, 7674, Note_off_c, 0, 74, 64
4, 7680, Note_on_c, 0, 69, 81
4, 7684, Note_on_c, 0, 72, 88
4, 7728, Control_c, 0, 11, 127
4, 7752, Control_c, 0, 11, 105
4, 7776, Control_c, 0, 11, 127
4, 7800, Control_c, 0, 11, 105
4, 7824, Control_c, 0, 11, 127
4, 7848, Control_c, 0, 11, 105
4, 7872, Control_c, 0, 11, 127
4, 7896, Control_c, 0, 11, 105
4, 7920, Control_c, 0, 11, 127
4, 7944, Control_c, 0, 11, 105
4, 7968, Control_c, 0, 11, 127
4, 7992, Control_c, 0, 11, 105
4, 8016, Control_c, 0, 11, 127
4, 8040, Control_c, 0, 11, 105
4, 8064, Control_c, 0, 11, 127
4, 8088, Control_c, 0, 11, 105
4, 8112, Control_c, 0, 11, 127
4, 8136, Control_c, 0, 11, 105
4, 8160, Control_c, 0, 11, 127
4, 8184, Control_c, 0, 11, 105
4, 8208, Control_c, 0, 11, 127
4, 8232, Control_c, 0, 11, 105
4, 8256, Control_c, 0, 11, 127
4, 8280, Control_c, 0, 11, 105
4, 8304, Control_c, 0, 11, 127
4, 8328, Control_c, 0, 11, 105
4, 8352, Control_c, 0, 11, 127
4, 8376, Control_c, 0, 11, 105
4, 8400, Control_c, 0, 11, 127
4, 8404, Note_off_c, 0, 69, 64
4, 8408, Note_off_c, 0, 72, 64
4, 8644, Note_on_c, 0, 71, 80
4, 8650, Note_on_c, 0, 74, 88
4, 8664, Control_c, 0, 11, 105
4, 8688, Control_c, 0, 11, 127
4, 8712, Control_c, 0, 11, 105
4, 8736, Control_c, 0, 11, 127
4, 8760, Control_c, 0, 11, 105
4, 8784, Control_c, 0, 11, 127
4, 8808, Control_c, 0, 11, 105
4, 8812, Note_off_c, 0, 71, 64
4, 8820, Note_off_c, 0, 74, 64
4, 8832, Note_on_c, 0, 71, 80
4, 8840, Note_on_c, 0, 76, 81
4, 8880, Control_c, 0, 11, 127
4, 8904, Control_c, 0, 11, 105
4, 8928, Control_c, 0, 11, 127
4, 8952, Control_c, 0, 11, 105
4, 8976, Control_c, 0, 11, 127
4, 9000, Control_c, 0, 11, 105
4, 9024, Control_c, 0, 11, 127
4, 9048, Control_c, 0, 11, 105
4, 9072, Control_c, 0, 11, 127
4, 9096, Control_c, 0, 11, 105
4, 9120, Control_c, 0, 11, 127
4, 9144, Control_c, 0, 11, 105
4, 9168, Control_c, 0, 11, 127
4, 9192, Control_c, 0, 11, 105
4, 9200, Note_off_c, 0, 71, 64
4, 9200, Note_off_c, 0, 76, 64
4, 9216, Note_on_c, 0, 71, 90
4, 9216, Note_on_c, 0, 74, 100
4, 9264, Control_c, 0, 11, 127
4, 9288, Note_off_c, 0, 74, 64
4, 9288, Control_c, 0, 11, 105
4, 9290, Note_off_c, 0, 71, 64
4, 10556, Note_on_c, 0, 74, 83
4, 10560, Control_c, 0, 11, 127
4, 10568, Note_on_c, 0, 78, 85
4, 10584, Control_c, 0, 11, 105
4, 10608, Control_c, 0, 11, 127
4, 10632, Control_c, 0, 11, 105
4, 10656, Control_c, 0, 11, 127
4, 10680, Control_c, 0, 11, 105
4, 10704, Control_c, 0, 11, 127
4, 10728, Control_c, 0, 11, 105
4, 10736, Note_off_c, 0, 78, 64
4, 10740, Note_off_c, 0, 74, 64
4, 10748, Note_on_c, 0, 72, 81
4, 10750, Control_c, 0, 11, 127
4, 10752, Note_on_c, 0, 76, 88
4, 10776, Control_c, 0, 11, 105
4, 10800, Control_c, 0, 11, 127
4, 10824, Control_c, 0, 11, 105
4, 10848, Control_c, 0, 11, 127
4, 10872, Control_c, 0, 11, 105
4, 10896, Control_c, 0, 11, 127
4, 10920, Control_c, 0, 11, 105
4, 10944, Control_c, 0, 11, 127
4, 10968, Control_c, 0, 11, 105
4, 10992, Control_c, 0, 11, 127
4, 11016, Control_c, 0, 11, 105
4, 11040, Control_c, 0, 11, 127
4, 11064, Control_c, 0, 11, 105
4, 11088, Control_c, 0, 11, 127
4, 11112, Control_c, 0, 11, 105
4, 11120, Note_off_c, 0, 72, 64
4, 11124, Note_off_c, 0, 76, 64
4, 11140, Note_on_c, 0, 72, 75
4, 11144, Note_on_c, 0, 75, 85
4, 11184, Control_c, 0, 11, 127
4, 11208, Control_c, 0, 11, 105
4, 11232, Control_c, 0, 11, 127
4, 11256, Control_c, 0, 11, 105
4, 11280, Control_c, 0, 11, 127
4, 11304, Control_c, 0, 11, 105
4, 11328, Control_c, 0, 11, 127
4, 11352, Control_c, 0, 11, 105
4, 11376, Control_c, 0, 11, 127
4, 11400, Control_c, 0, 11, 105
4, 11424, Control_c, 0, 11, 127
4, 11448, Control_c, 0, 11, 105
4, 11472, Control_c, 0, 11, 127
4, 11496, Control_c, 0, 11, 105
4, 11508, Note_off_c, 0, 72, 64
4, 11508, Note_off_c, 0, 75, 64
4, 11514, Note_on_c, 0, 71, 84
4, 11520, Control_c, 0, 11, 127
4, 11522, Note_on_c, 0, 74, 88
4, 11544, Control_c, 0, 11, 105
4, 11568, Control_c, 0, 11, 127
4, 11592, Control_c, 0, 11, 105
4, 11616, Control_c, 0, 11, 127
4, 11640, Control_c, 0, 11, 105
4, 11664, Control_c, 0, 11, 127
4, 11688, Control_c, 0, 11, 105
4, 11712, Control_c, 0, 11, 127
4, 11736, Control_c, 0, 11, 105
4, 11760, Control_c, 0, 11, 127
4, 11784, Control_c, 0, 11, 105
4, 11808, Control_c, 0, 11, 127
4, 11832, Control_c, 0, 11, 105
4, 11856, Control_c, 0, 11, 127
4, 11880, Control_c, 0, 11, 105
4, 11904, Control_c, 0, 11, 127
4, 11928, Control_c, 0, 11, 105
4, 11952, Control_c, 0, 11, 127
4, 11976, Control_c, 0, 11, 105
4, 12000, Control_c, 0, 11, 127
4, 12024, Control_c, 0, 11, 105
4, 12048, Control_c, 0, 11, 127
4, 12072, Control_c, 0, 11, 105
4, 12082, Note_off_c, 0, 71, 64
4, 12082, Note_off_c, 0, 74, 64
4, 12092, Note_on_c, 0, 74, 83
4, 12096, Control_c, 0, 11, 127
4, 12104, Note_on_c, 0, 78, 85
4, 12120, Control_c, 0, 11, 105
4, 12144, Control_c, 0, 11, 127
4, 12168, Control_c, 0, 11, 105
4, 12192, Control_c, 0, 11, 127
4, 12216, Control_c, 0, 11, 105
4, 12240, Control_c, 0, 11, 127
4, 12264, Control_c, 0, 11, 105
4, 12272, Note_off_c, 0, 74, 64
4, 12274, Note_off_c, 0, 78, 64
4, 12284, Note_on_c, 0, 72, 81
4, 12286, Control_c, 0, 11, 127
4, 12288, Note_on_c, 0, 76, 88
4, 12312, Control_c, 0, 11, 105
4, 12336, Control_c, 0, 11, 127
4, 12360, Control_c, 0, 11, 105
4, 12384, Control_c, 0, 11, 127
4, 12408, Control_c, 0, 11, 105
4, 12432, Control_c, 0, 11, 127
4, 12456, Control_c, 0, 11, 105
4, 12480, Control_c, 0, 11, 127
4, 12504, Control_c, 0, 11, 105
4, 12528, Control_c, 0, 11, 127
4, 12552, Control_c, 0, 11, 105
4, 12576, Control_c, 0, 11, 127
4, 12600, Control_c, 0, 11, 105
4, 12624, Control_c, 0, 11, 127
4, 12648, Control_c, 0, 11, 105
4, 12660, Note_off_c, 0, 72, 64
4, 12660, Note_off_c, 0, 76, 64
4, 12676, Note_on_c, 0, 72, 75
4, 12680, Note_on_c, 0, 75, 85
4, 12720, Control_c, 0, 11, 127
4, 12744, Control_c, 0, 11, 105
4, 12768, Control_c, 0, 11, 127
4, 12792, Control_c, 0, 11, 105
4, 12816, Control_c, 0, 11, 127
4, 12840, Control_c, 0, 11, 105
4, 12864, Control_c, 0, 11, 127
4, 12888, Control_c, 0, 11, 105
4, 12912, Control_c, 0, 11, 127
4, 12936, Control_c, 0, 11, 105
4, 12960, Control_c, 0, 11, 127
4, 12984, Control_c, 0, 11, 105
4, 13008, Control_c, 0, 11, 127
4, 13032, Control_c, 0, 11, 105
4, 13044, Note_off_c, 0, 72, 64
4, 13052, Note_off_c, 0, 75, 64
4, 13056, Note_on_c, 0, 71, 84
4, 13060, Note_on_c, 0, 74, 88
4, 13104, Control_c, 0, 11, 127
4, 13128, Control_c, 0, 11, 105
4, 13152, Control_c, 0, 11, 127
4, 13176, Control_c, 0, 11, 105
4, 13200, Control_c, 0, 11, 127
4, 13224, Control_c, 0, 11, 105
4, 13248, Control_c, 0, 11, 127
4, 13272, Control_c, 0, 11, 105
4, 13296, Control_c, 0, 11, 127
4, 13320, Control_c, 0, 11, 105
4, 13344, Control_c, 0, 11, 127
4, 13368, Control_c, 0, 11, 105
4, 13392, Control_c, 0, 11, 127
4, 13416, Control_c, 0, 11, 105
4, 13440, Control_c, 0, 11, 127
4, 13464, Control_c, 0, 11, 105
4, 13488, Control_c, 0, 11, 127
4, 13512, Control_c, 0, 11, 105
4, 13536, Control_c, 0, 11, 127
4, 13560, Control_c, 0, 11, 105
4, 13584, Control_c, 0, 11, 127
4, 13608, Control_c, 0, 11, 105
4, 13618, Note_off_c, 0, 71, 64
4, 13620, Note_off_c, 0, 74, 64
4, 13628, Note_on_c, 0, 71, 83
4, 13632, Control_c, 0, 11, 127
4, 13640, Note_on_c, 0, 74, 85
4, 13656, Control_c, 0, 11, 105
4, 13680, Control_c, 0, 11, 127
4, 13704, Control_c, 0, 11, 105
4, 13728, Control_c, 0, 11, 127
4, 13752, Control_c, 0, 11, 105
4, 13776, Control_c, 0, 11, 127
4, 13800, Control_c, 0, 11, 105
4, 13812, Note_off_c, 0, 71, 64
4, 13818, Note_off_c, 0, 74, 64
4, 13824, Note_on_c, 0, 69, 81
4, 13828, Note_on_c, 0, 72, 88
4, 13872, Control_c, 0, 11, 127
4, 13896, Control_c, 0, 11, 105
4, 13920, Control_c, 0, 11, 127
4, 13944, Control_c, 0, 11, 105
4, 13968, Control_c, 0, 11, 127
4, 13992, Control_c, 0, 11, 105
4, 14016, Control_c, 0, 11, 127
4, 14040, Control_c, 0, 11, 105
4, 14064, Control_c, 0, 11, 127
4, 14088, Control_c, 0, 11, 105
4, 14112, Control_c, 0, 11, 127
4, 14136, Control_c, 0, 11, 105
4, 14160, Control_c, 0, 11, 127
4, 14184, Control_c, 0, 11, 105
4, 14208, Control_c, 0, 11, 127
4, 14232, Control_c, 0, 11, 105
4, 14256, Control_c, 0, 11, 127
4, 14280, Control_c, 0, 11, 105
4, 14304, Control_c, 0, 11, 127
4, 14328, Control_c, 0, 11, 105
4, 14352, Control_c, 0, 11, 127
4, 14376, Control_c, 0, 11, 105
4, 14400, Control_c, 0, 11, 127
4, 14424, Control_c, 0, 11, 105
4, 14448, Control_c, 0, 11, 127
4, 14472, Control_c, 0, 11, 105
4, 14496, Control_c, 0, 11, 127
4, 14520, Control_c, 0, 11, 105
4, 14544, Control_c, 0, 11, 127
4, 14548, Note_off_c, 0, 69, 64
4, 14552, Note_off_c, 0, 72, 64
4, 14788, Note_on_c, 0, 71, 80
4, 14794, Note_on_c, 0, 74, 88
4, 14808, Control_c, 0, 11, 105
4, 14832, Control_c, 0, 11, 127
4, 14856, Control_c, 0, 11, 105
4, 14880, Control_c, 0, 11, 127
4, 14904, Control_c, 0, 11, 105
4, 14928, Control_c, 0, 11, 127
4, 14952, Control_c, 0, 11, 105
4, 14956, Note_off_c, 0, 71, 64
4, 14964, Note_off_c, 0, 74, 64
4, 14976, Note_on_c, 0, 72, 80
4, 14976, Control_c, 0, 11, 127
4, 14984, Note_on_c, 0, 76, 84
4, 15000, Control_c, 0, 11, 105
4, 15024, Control_c, 0, 11, 127
4, 15048, Control_c, 0, 11, 105
4, 15072, Control_c, 0, 11, 127
4, 15096, Control_c, 0, 11, 105
4, 15120, Control_c, 0, 11, 127
4, 15144, Control_c, 0, 11, 105
4, 15168, Control_c, 0, 11, 127
4, 15192, Control_c, 0, 11, 105
4, 15216, Control_c, 0, 11, 127
4, 15240, Control_c, 0, 11, 105
4, 15264, Control_c, 0, 11, 127
4, 15288, Control_c, 0, 11, 105
4, 15312, Control_c, 0, 11, 127
4, 15336, Control_c, 0, 11, 105
4, 15344, Note_off_c, 0, 72, 64
4, 15344, Note_off_c, 0, 76, 64
4, 15360, Note_on_c, 0, 72, 85
4, 15360, Note_on_c, 0, 76, 78
4, 15408, Control_c, 0, 11, 127
4, 15432, Control_c, 0, 11, 105
4, 15456, Control_c, 0, 11, 127
4, 15472, Note_off_c, 0, 72, 64
4, 15472, Note_off_c, 0, 76, 64
4, 15486, Control_c, 0, 11, 105
4, 15488, Note_on_c, 0, 74, 69
4, 15490, Note_on_c, 0, 71, 76
4, 15504, Control_c, 0, 11, 127
4, 15528, Control_c, 0, 11, 105
4, 15552, Control_c, 0, 11, 127
4, 15576, Control_c, 0, 11, 105
4, 15600, Control_c, 0, 11, 127
4, 15624, Control_c, 0, 11, 105
4, 15648, Control_c, 0, 11, 127
4, 15672, Control_c, 0, 11, 105
4, 15696, Control_c, 0, 11, 127
4, 15720, Note_off_c, 0, 74, 64
4, 15720, Control_c, 0, 11, 105
4, 15730, Note_off_c, 0, 71, 64
4, 15744, Note_on_c, 0, 67, 79
4, 15744, Note_on_c, 0, 71, 79
4, 15744, Note_on_c, 0, 62, 79
4, 15744, Control_c, 0, 11, 127
4, 15768, Control_c, 0, 11, 105
4, 15792, Note_off_c, 0, 67, 64
4, 15792, Note_off_c, 0, 71, 64
4, 15792, Note_off_c, 0, 62, 64
4, 15792, Control_c, 0, 11, 127
4, 15936, Note_on_c, 0, 62, 72
4, 15936, Note_on_c, 0, 59, 72
4, 15936, Note_on_c, 0, 67, 72
4, 15960, Control_c, 0, 11, 105
4, 15984, Note_off_c, 0, 62, 64
4, 15984, Note_off_c, 0, 59, 64
4, 15984, Note_off_c, 0, 67, 64
4, 15984, Control_c, 0, 11, 127
4, 21696, Note_on_c, 0, 74, 92
4, 21720, Control_c, 0, 11, 105
4, 21744, Control_c, 0, 11, 127
4, 21752, Note_off_c, 0, 74, 64
4, 21760, Note_on_c, 0, 74, 81
4, 21768, Control_c, 0, 11, 105
4, 21792, Control_c, 0, 11, 127
4, 21810, Note_off_c, 0, 74, 64
4, 21822, Control_c, 0, 11, 105
4, 21824, Note_on_c, 0, 74, 83
4, 21840, Control_c, 0, 11, 127
4, 21864, Control_c, 0, 11, 105
4, 21866, Note_off_c, 0, 74, 64
4, 21888, Note_on_c, 0, 78, 100
4, 21888, Control_c, 0, 11, 127
4, 21912, Control_c, 0, 11, 105
4, 21936, Control_c, 0, 11, 127
4, 21940, Note_off_c, 0, 78, 64
4, 21952, Note_on_c, 0, 78, 84
4, 21960, Control_c, 0, 11, 105
4, 21984, Control_c, 0, 11, 127
4, 22004, Note_off_c, 0, 78, 64
4, 22014, Control_c, 0, 11, 105
4, 22016, Note_on_c, 0, 78, 89
4, 22032, Control_c, 0, 11, 127
4, 22056, Control_c, 0, 11, 105
4, 22058, Note_off_c, 0, 78, 64
4, 22076, Note_on_c, 0, 81, 98
4, 22080, Control_c, 0, 11, 127
4, 22104, Control_c, 0, 11, 105
4, 22124, Note_off_c, 0, 81, 64
4, 22142, Control_c, 0, 11, 127
4, 22144, Note_on_c, 0, 78, 85
4, 22152, Control_c, 0, 11, 105
4, 22176, Control_c, 0, 11, 127
4, 22184, Note_off_c, 0, 78, 64
4, 22206, Control_c, 0, 11, 105
4, 22208, Note_on_c, 0, 81, 87
4, 22224, Control_c, 0, 11, 127
4, 22248, Control_c, 0, 11, 105
4, 22256, Note_off_c, 0, 81, 64
4, 22272, Note_on_c, 0, 78, 84
4, 22272, Control_c, 0, 11, 127
4, 22296, Control_c, 0, 11, 105
4, 22320, Control_c, 0, 11, 127
4, 22336, Note_off_c, 0, 78, 64
4, 23612, Note_on_c, 0, 74, 83
4, 23624, Note_on_c, 0, 78, 85
4, 23640, Control_c, 0, 11, 105
4, 23664, Control_c, 0, 11, 127
4, 23688, Control_c, 0, 11, 105
4, 23712, Control_c, 0, 11, 127
4, 23736, Control_c, 0, 11, 105
4, 23760, Control_c, 0, 11, 127
4, 23784, Control_c, 0, 11, 105
4, 23792, Note_off_c, 0, 78, 64
4, 23796, Note_off_c, 0, 74, 64
4, 23804, Note_on_c, 0, 72, 81
4, 23808, Note_on_c, 0, 76, 88
4, 23808, Control_c, 0, 11, 127
4, 23832, Control_c, 0, 11, 105
4, 23856, Control_c, 0, 11, 127
4, 23880, Control_c, 0, 11, 105
4, 23904, Control_c, 0, 11, 127
4, 23928, Control_c, 0, 11, 105
4, 23952, Control_c, 0, 11, 127
4, 23976, Control_c, 0, 11, 105
4, 24000, Control_c, 0, 11, 127
4, 24024, Control_c, 0, 11, 105
4, 24048, Control_c, 0, 11, 127
4, 24072, Control_c, 0, 11, 105
4, 24096, Control_c, 0, 11, 127
4, 24120, Control_c, 0, 11, 105
4, 24144, Control_c, 0, 11, 127
4, 24168, Control_c, 0, 11, 105
4, 24176, Note_off_c, 0, 72, 64
4, 24180, Note_off_c, 0, 76, 64
4, 24194, Control_c, 0, 11, 127
4, 24196, Note_on_c, 0, 72, 75
4, 24200, Note_on_c, 0, 75, 85
4, 24216, Control_c, 0, 11, 105
4, 24240, Control_c, 0, 11, 127
4, 24264, Control_c, 0, 11, 105
4, 24288, Control_c, 0, 11, 127
4, 24312, Control_c, 0, 11, 105
4, 24336, Control_c, 0, 11, 127
4, 24360, Control_c, 0, 11, 105
4, 24384, Control_c, 0, 11, 127
4, 24408, Control_c, 0, 11, 105
4, 24432, Control_c, 0, 11, 127
4, 24456, Control_c, 0, 11, 105
4, 24480, Control_c, 0, 11, 127
4, 24504, Control_c, 0, 11, 105
4, 24528, Control_c, 0, 11, 127
4, 24552, Control_c, 0, 11, 105
4, 24564, Note_off_c, 0, 72, 64
4, 24564, Note_off_c, 0, 75, 64
4, 24570, Note_on_c, 0, 71, 84
4, 24576, Control_c, 0, 11, 127
4, 24578, Note_on_c, 0, 74, 88
4, 24600, Control_c, 0, 11, 105
4, 24624, Control_c, 0, 11, 127
4, 24648, Control_c, 0, 11, 105
4, 24672, Control_c, 0, 11, 127
4, 24696, Control_c, 0, 11, 105
4, 24720, Control_c, 0, 11, 127
4, 24744, Control_c, 0, 11, 105
4, 24768, Control_c, 0, 11, 127
4, 24792, Control_c, 0, 11, 105
4, 24816, Control_c, 0, 11, 127
4, 24840, Control_c, 0, 11, 105
4, 24864, Control_c, 0, 11, 127
4, 24888, Control_c, 0, 11, 105
4, 24912, Control_c, 0, 11, 127
4, 24936, Control_c, 0, 11, 105
4, 24960, Control_c, 0, 11, 127
4, 24984, Control_c, 0, 11, 105
4, 25008, Control_c, 0, 11, 127
4, 25032, Control_c, 0, 11, 105
4, 25056, Control_c, 0, 11, 127
4, 25080, Control_c, 0, 11, 105
4, 25104, Control_c, 0, 11, 127
4, 25128, Control_c, 0, 11, 105
4, 25138, Note_off_c, 0, 71, 64
4, 25138, Note_off_c, 0, 74, 64
4, 25148, Note_on_c, 0, 74, 83
4, 25152, Control_c, 0, 11, 127
4, 25160, Note_on_c, 0, 78, 85
4, 25176, Control_c, 0, 11, 105
4, 25200, Control_c, 0, 11, 127
4, 25224, Control_c, 0, 11, 105
4, 25248, Control_c, 0, 11, 127
4, 25272, Control_c, 0, 11, 105
4, 25296, Control_c, 0, 11, 127
4, 25320, Control_c, 0, 11, 105
4, 25328, Note_off_c, 0, 74, 64
4, 25330, Note_off_c, 0, 78, 64
4, 25340, Note_on_c, 0, 72, 81
4, 25342, Control_c, 0, 11, 127
4, 25344, Note_on_c, 0, 76, 88
4, 25368, Control_c, 0, 11, 105
4, 25392, Control_c, 0, 11, 127
4, 25416, Control_c, 0, 11, 105
4, 25440, Control_c, 0, 11, 127
4, 25464, Control_c, 0, 11, 105
4, 25488, Control_c, 0, 11, 127
4, 25512, Control_c, 0, 11, 105
4, 25536, Control_c, 0, 11, 127
4, 25560, Control_c, 0, 11, 105
4, 25584, Control_c, 0, 11, 127
4, 25608, Control_c, 0, 11, 105
4, 25632, Control_c, 0, 11, 127
4, 25656, Control_c, 0, 11, 105
4, 25680, Control_c, 0, 11, 127
4, 25704, Control_c, 0, 11, 105
4, 25716, Note_off_c, 0, 72, 64
4, 25716, Note_off_c, 0, 76, 64
4, 25732, Note_on_c, 0, 72, 75
4, 25736, Note_on_c, 0, 75, 85
4, 25776, Control_c, 0, 11, 127
4, 25800, Control_c, 0, 11, 105
4, 25824, Control_c, 0, 11, 127
4, 25848, Control_c, 0, 11, 105
4, 25872, Control_c, 0, 11, 127
4, 25896, Control_c, 0, 11, 105
4, 25920, Control_c, 0, 11, 127
4, 25944, Control_c, 0, 11, 105
4, 25968, Control_c, 0, 11, 127
4, 25992, Control_c, 0, 11, 105
4, 26016, Control_c, 0, 11, 127
4, 26040, Control_c, 0, 11, 105
4, 26064, Control_c, 0, 11, 127
4, 26088, Control_c, 0, 11, 105
4, 26100, Note_off_c, 0, 72, 64
4, 26108, Note_off_c, 0, 75, 64
4, 26112, Note_on_c, 0, 71, 84
4, 26112, Control_c, 0, 11, 127
4, 26116, Note_on_c, 0, 74, 88
4, 26136, Control_c, 0, 11, 105
4, 26160, Control_c, 0, 11, 127
4, 26184, Control_c, 0, 11, 105
4, 26208, Control_c, 0, 11, 127
4, 26232, Control_c, 0, 11, 105
4, 26256, Control_c, 0, 11, 127
4, 26280, Control_c, 0, 11, 105
4, 26304, Control_c, 0, 11, 127
4, 26328, Control_c, 0, 11, 105
4, 26352, Control_c, 0, 11, 127
4, 26376, Control_c, 0, 11, 105
4, 26400, Control_c, 0, 11, 127
4, 26424, Control_c, 0, 11, 105
4, 26448, Control_c, 0, 11, 127
4, 26472, Control_c, 0, 11, 105
4, 26496, Control_c, 0, 11, 127
4, 26520, Control_c, 0, 11, 105
4, 26544, Control_c, 0, 11, 127
4, 26568, Control_c, 0, 11, 105
4, 26592, Control_c, 0, 11, 127
4, 26616, Control_c, 0, 11, 105
4, 26640, Control_c, 0, 11, 127
4, 26664, Control_c, 0, 11, 105
4, 26674, Note_off_c, 0, 71, 64
4, 26676, Note_off_c, 0, 74, 64
4, 26684, Note_on_c, 0, 71, 83
4, 26688, Control_c, 0, 11, 127
4, 26696, Note_on_c, 0, 74, 85
4, 26712, Control_c, 0, 11, 105
4, 26736, Control_c, 0, 11, 127
4, 26760, Control_c, 0, 11, 105
4, 26784, Control_c, 0, 11, 127
4, 26808, Control_c, 0, 11, 105
4, 26832, Control_c, 0, 11, 127
4, 26856, Control_c, 0, 11, 105
4, 26868, Note_off_c, 0, 71, 64
4, 26874, Note_off_c, 0, 74, 64
4, 26880, Note_on_c, 0, 69, 81
4, 26880, Control_c, 0, 11, 127
4, 26884, Note_on_c, 0, 72, 88
4, 26904, Control_c, 0, 11, 105
4, 26928, Control_c, 0, 11, 127
4, 26952, Control_c, 0, 11, 105
4, 26976, Control_c, 0, 11, 127
4, 27000, Control_c, 0, 11, 105
4, 27024, Control_c, 0, 11, 127
4, 27048, Control_c, 0, 11, 105
4, 27072, Control_c, 0, 11, 127
4, 27096, Control_c, 0, 11, 105
4, 27120, Control_c, 0, 11, 127
4, 27144, Control_c, 0, 11, 105
4, 27168, Control_c, 0, 11, 127
4, 27192, Control_c, 0, 11, 105
4, 27216, Control_c, 0, 11, 127
4, 27240, Control_c, 0, 11, 105
4, 27264, Control_c, 0, 11, 127
4, 27288, Control_c, 0, 11, 105
4, 27312, Control_c, 0, 11, 127
4, 27336, Control_c, 0, 11, 105
4, 27360, Control_c, 0, 11, 127
4, 27384, Control_c, 0, 11, 105
4, 27408, Control_c, 0, 11, 127
4, 27432, Control_c, 0, 11, 105
4, 27456, Control_c, 0, 11, 127
4, 27480, Control_c, 0, 11, 105
4, 27504, Control_c, 0, 11, 127
4, 27528, Control_c, 0, 11, 105
4, 27552, Control_c, 0, 11, 127
4, 27576, Control_c, 0, 11, 105
4, 27600, Control_c, 0, 11, 127
4, 27604, Note_off_c, 0, 69, 64
4, 27608, Note_off_c, 0, 72, 64
4, 27844, Note_on_c, 0, 71, 80
4, 27850, Note_on_c, 0, 74, 88
4, 27864, Control_c, 0, 11, 105
4, 27888, Control_c, 0, 11, 127
4, 27912, Control_c, 0, 11, 105
4, 27936, Control_c, 0, 11, 127
4, 27960, Control_c, 0, 11, 105
4, 27984, Control_c, 0, 11, 127
4, 28008, Control_c, 0, 11, 105
4, 28012, Note_off_c, 0, 71, 64
4, 28020, Note_off_c, 0, 74, 64
4, 28032, Note_on_c, 0, 71, 80
4, 28032, Control_c, 0, 11, 127
4, 28040, Note_on_c, 0, 74, 81
4, 28056, Control_c, 0, 11, 105
4, 28080, Control_c, 0, 11, 127
4, 28104, Control_c, 0, 11, 105
4, 28128, Control_c, 0, 11, 127
4, 28152, Control_c, 0, 11, 105
4, 28176, Control_c, 0, 11, 127
4, 28200, Control_c, 0, 11, 105
4, 28224, Control_c, 0, 11, 127
4, 28248, Control_c, 0, 11, 105
4, 28272, Control_c, 0, 11, 127
4, 28296, Control_c, 0, 11, 105
4, 28320, Control_c, 0, 11, 127
4, 28344, Control_c, 0, 11, 105
4, 28368, Control_c, 0, 11, 127
4, 28392, Control_c, 0, 11, 105
4, 28400, Note_off_c, 0, 71, 64
4, 28400, Note_off_c, 0, 74, 64
4, 28416, Note_on_c, 0, 70, 90
4, 28416, Note_on_c, 0, 75, 100
4, 28464, Control_c, 0, 11, 127
4, 28488, Note_off_c, 0, 75, 64
4, 28488, Control_c, 0, 11, 105
4, 28490, Note_off_c, 0, 70, 64
4, 29696, Note_on_c, 0, 75, 70
4, 29712, Control_c, 0, 11, 127
4, 29736, Control_c, 0, 11, 105
4, 29744, Note_off_c, 0, 75, 64
4, 29760, Note_on_c, 0, 79, 95
4, 29760, Control_c, 0, 11, 127
4, 29784, Control_c, 0, 11, 105
4, 29804, Note_off_c, 0, 79, 64
4, 29822, Control_c, 0, 11, 127
4, 29824, Note_on_c, 0, 75, 84
4, 29832, Control_c, 0, 11, 105
4, 29856, Control_c, 0, 11, 127
4, 29868, Note_off_c, 0, 75, 64
4, 29886, Control_c, 0, 11, 105
4, 29888, Note_on_c, 0, 79, 92
4, 29904, Control_c, 0, 11, 127
4, 29928, Control_c, 0, 11, 105
4, 29932, Note_off_c, 0, 79, 64
4, 29948, Note_on_c, 0, 73, 81
4, 29952, Note_on_c, 0, 77, 88
4, 29952, Control_c, 0, 11, 127
4, 29976, Control_c, 0, 11, 105
4, 30000, Control_c, 0, 11, 127
4, 30024, Control_c, 0, 11, 105
4, 30048, Control_c, 0, 11, 127
4, 30072, Control_c, 0, 11, 105
4, 30096, Control_c, 0, 11, 127
4, 30120, Control_c, 0, 11, 105
4, 30144, Control_c, 0, 11, 127
4, 30168, Control_c, 0, 11, 105
4, 30192, Control_c, 0, 11, 127
4, 30216, Control_c, 0, 11, 105
4, 30240, Control_c, 0, 11, 127
4, 30264, Control_c, 0, 11, 105
4, 30288, Control_c, 0, 11, 127
4, 30312, Control_c, 0, 11, 105
4, 30316, Note_off_c, 0, 73, 64
4, 30320, Note_off_c, 0, 77, 64
4, 30338, Control_c, 0, 11, 127
4, 30340, Note_on_c, 0, 73, 75
4, 30344, Note_on_c, 0, 76, 85
4, 30360, Control_c, 0, 11, 105
4, 30384, Control_c, 0, 11, 127
4, 30408, Control_c, 0, 11, 105
4, 30432, Control_c, 0, 11, 127
4, 30456, Control_c, 0, 11, 105
4, 30480, Control_c, 0, 11, 127
4, 30504, Control_c, 0, 11, 105
4, 30528, Control_c, 0, 11, 127
4, 30552, Control_c, 0, 11, 105
4, 30576, Control_c, 0, 11, 127
4, 30600, Control_c, 0, 11, 105
4, 30624, Control_c, 0, 11, 127
4, 30648, Control_c, 0, 11, 105
4, 30672, Control_c, 0, 11, 127
4, 30696, Control_c, 0, 11, 105
4, 30704, Note_off_c, 0, 73, 64
4, 30708, Note_off_c, 0, 76, 64
4, 30714, Note_on_c, 0, 72, 75
4, 30718, Control_c, 0, 11, 127
4, 30720, Note_on_c, 0, 75, 86
4, 30744, Control_c, 0, 11, 105
4, 30768, Control_c, 0, 11, 127
4, 30792, Control_c, 0, 11, 105
4, 30816, Control_c, 0, 11, 127
4, 30840, Control_c, 0, 11, 105
4, 30864, Control_c, 0, 11, 127
4, 30888, Control_c, 0, 11, 105
4, 30912, Control_c, 0, 11, 127
4, 30936, Control_c, 0, 11, 105
4, 30960, Control_c, 0, 11, 127
4, 30984, Control_c, 0, 11, 105
4, 31008, Control_c, 0, 11, 127
4, 31032, Control_c, 0, 11, 105
4, 31056, Control_c, 0, 11, 127
4, 31080, Control_c, 0, 11, 105
4, 31104, Control_c, 0, 11, 127
4, 31128, Control_c, 0, 11, 105
4, 31152, Control_c, 0, 11, 127
4, 31176, Control_c, 0, 11, 105
4, 31200, Control_c, 0, 11, 127
4, 31224, Control_c, 0, 11, 105
4, 31248, Control_c, 0, 11, 127
4, 31272, Control_c, 0, 11, 105
4, 31276, Note_off_c, 0, 72, 64
4, 31282, Note_off_c, 0, 75, 64
4, 31292, Note_on_c, 0, 75, 70
4, 31294, Control_c, 0, 11, 127
4, 31296, Note_on_c, 0, 79, 90
4, 31320, Control_c, 0, 11, 105
4, 31344, Control_c, 0, 11, 127
4, 31346, Note_off_c, 0, 79, 64
4, 31352, Note_off_c, 0, 75, 64
4, 31354, Note_on_c, 0, 72, 64
4, 31360, Note_on_c, 0, 75, 77
4, 31368, Control_c, 0, 11, 105
4, 31392, Control_c, 0, 11, 127
4, 31402, Note_off_c, 0, 72, 64
4, 31416, Note_off_c, 0, 75, 64
4, 31416, Control_c, 0, 11, 105
4, 31424, Note_on_c, 0, 75, 84
4, 31426, Note_on_c, 0, 79, 66
4, 31440, Control_c, 0, 11, 127
4, 31464, Control_c, 0, 11, 105
4, 31474, Note_off_c, 0, 75, 64
4, 31482, Note_off_c, 0, 79, 64
4, 31484, Note_on_c, 0, 73, 81
4, 31486, Control_c, 0, 11, 127
4, 31488, Note_on_c, 0, 77, 88
4, 31512, Control_c, 0, 11, 105
4, 31536, Control_c, 0, 11, 127
4, 31560, Control_c, 0, 11, 105
4, 31584, Control_c, 0, 11, 127
4, 31608, Control_c, 0, 11, 105
4, 31632, Control_c, 0, 11, 127
4, 31656, Control_c, 0, 11, 105
4, 31680, Control_c, 0, 11, 127
4, 31704, Control_c, 0, 11, 105
4, 31728, Control_c, 0, 11, 127
4, 31752, Control_c, 0, 11, 105
4, 31776, Control_c, 0, 11, 127
4, 31800, Control_c, 0, 11, 105
4, 31824, Control_c, 0, 11, 127
4, 31848, Control_c, 0, 11, 105
4, 31852, Note_off_c, 0, 73, 64
4, 31856, Note_off_c, 0, 77, 64
4, 31876, Note_on_c, 0, 73, 75
4, 31880, Note_on_c, 0, 76, 85
4, 31920, Control_c, 0, 11, 127
4, 31944, Control_c, 0, 11, 105
4, 31968, Control_c, 0, 11, 127
4, 31992, Control_c, 0, 11, 105
4, 32016, Control_c, 0, 11, 127
4, 32040, Control_c, 0, 11, 105
4, 32064, Control_c, 0, 11, 127
4, 32088, Control_c, 0, 11, 105
4, 32112, Control_c, 0, 11, 127
4, 32136, Control_c, 0, 11, 105
4, 32160, Control_c, 0, 11, 127
4, 32184, Control_c, 0, 11, 105
4, 32208, Control_c, 0, 11, 127
4, 32232, Control_c, 0, 11, 105
4, 32240, Note_off_c, 0, 73, 64
4, 32244, Note_off_c, 0, 76, 64
4, 32250, Note_on_c, 0, 72, 75
4, 32256, Note_on_c, 0, 75, 86
4, 32256, Control_c, 0, 11, 127
4, 32280, Control_c, 0, 11, 105
4, 32304, Control_c, 0, 11, 127
4, 32328, Control_c, 0, 11, 105
4, 32352, Control_c, 0, 11, 127
4, 32376, Control_c, 0, 11, 105
4, 32400, Control_c, 0, 11, 127
4, 32424, Control_c, 0, 11, 105
4, 32448, Control_c, 0, 11, 127
4, 32472, Control_c, 0, 11, 105
4, 32496, Control_c, 0, 11, 127
4, 32520, Control_c, 0, 11, 105
4, 32544, Control_c, 0, 11, 127
4, 32568, Control_c, 0, 11, 105
4, 32592, Control_c, 0, 11, 127
4, 32616, Control_c, 0, 11, 105
4, 32640, Control_c, 0, 11, 127
4, 32664, Control_c, 0, 11, 105
4, 32688, Control_c, 0, 11, 127
4, 32712, Control_c, 0, 11, 105
4, 32736, Control_c, 0, 11, 127
4, 32760, Control_c, 0, 11, 105
4, 32784, Control_c, 0, 11, 127
4, 32808, Control_c, 0, 11, 105
4, 32812, Note_off_c, 0, 72, 64
4, 32818, Note_off_c, 0, 75, 64
4, 32828, Note_on_c, 0, 72, 70
4, 32830, Control_c, 0, 11, 127
4, 32832, Note_on_c, 0, 75, 90
4, 32856, Control_c, 0, 11, 105
4, 32880, Control_c, 0, 11, 127
4, 32882, Note_off_c, 0, 75, 64
4, 32888, Note_off_c, 0, 72, 64
4, 32890, Note_on_c, 0, 68, 61
4, 32896, Note_on_c, 0, 72, 77
4, 32904, Control_c, 0, 11, 105
4, 32928, Control_c, 0, 11, 127
4, 32938, Note_off_c, 0, 68, 64
4, 32952, Note_off_c, 0, 72, 64
4, 32952, Control_c, 0, 11, 105
4, 32960, Note_on_c, 0, 72, 84
4, 32962, Note_on_c, 0, 75, 66
4, 32976, Control_c, 0, 11, 127
4, 33000, Control_c, 0, 11, 105
4, 33016, Note_off_c, 0, 72, 64
4, 33022, Note_off_c, 0, 75, 64
4, 33024, Control_c, 0, 11, 127
4, 33026, Note_on_c, 0, 70, 75
4, 33034, Note_on_c, 0, 73, 86
4, 33048, Control_c, 0, 11, 105
4, 33072, Control_c, 0, 11, 127
4, 33096, Control_c, 0, 11, 105
4, 33120, Control_c, 0, 11, 127
4, 33144, Control_c, 0, 11, 105
4, 33168, Control_c, 0, 11, 127
4, 33192, Control_c, 0, 11, 105
4, 33216, Control_c, 0, 11, 127
4, 33240, Control_c, 0, 11, 105
4, 33264, Control_c, 0, 11, 127
4, 33288, Control_c, 0, 11, 105
4, 33312, Control_c, 0, 11, 127
4, 33336, Control_c, 0, 11, 105
4, 33360, Control_c, 0, 11, 127
4, 33384, Control_c, 0, 11, 105
4, 33408, Control_c, 0, 11, 127
4, 33432, Control_c, 0, 11, 105
4, 33456, Control_c, 0, 11, 127
4, 33480, Control_c, 0, 11, 105
4, 33504, Control_c, 0, 11, 127
4, 33528, Control_c, 0, 11, 105
4, 33552, Control_c, 0, 11, 127
4, 33576, Control_c, 0, 11, 105
4, 33600, Control_c, 0, 11, 127
4, 33624, Control_c, 0, 11, 105
4, 33648, Control_c, 0, 11, 127
4, 33672, Control_c, 0, 11, 105
4, 33696, Control_c, 0, 11, 127
4, 33720, Control_c, 0, 11, 105
4, 33744, Control_c, 0, 11, 127
4, 33768, Control_c, 0, 11, 105
4, 33788, Note_off_c, 0, 70, 64
4, 33792, Control_c, 0, 11, 127
4, 33794, Note_off_c, 0, 73, 64
4, 34946, Note_on_c, 0, 75, 75
4, 34954, Note_on_c, 0, 79, 86
4, 34968, Control_c, 0, 11, 105
4, 34992, Control_c, 0, 11, 127
4, 35016, Control_c, 0, 11, 105
4, 35040, Control_c, 0, 11, 127
4, 35064, Control_c, 0, 11, 105
4, 35088, Control_c, 0, 11, 127
4, 35112, Control_c, 0, 11, 105
4, 35136, Control_c, 0, 11, 127
4, 35160, Control_c, 0, 11, 105
4, 35184, Control_c, 0, 11, 127
4, 35208, Control_c, 0, 11, 105
4, 35232, Control_c, 0, 11, 127
4, 35256, Control_c, 0, 11, 105
4, 35280, Control_c, 0, 11, 127
4, 35304, Control_c, 0, 11, 105
4, 35322, Note_off_c, 0, 75, 64
4, 35322, Note_off_c, 0, 79, 64
4, 35328, Note_on_c, 0, 73, 75
4, 35336, Note_on_c, 0, 77, 80
4, 35376, Control_c, 0, 11, 127
4, 35400, Control_c, 0, 11, 105
4, 35424, Control_c, 0, 11, 127
4, 35448, Control_c, 0, 11, 105
4, 35472, Control_c, 0, 11, 127
4, 35496, Control_c, 0, 11, 105
4, 35520, Control_c, 0, 11, 127
4, 35544, Control_c, 0, 11, 105
4, 35568, Control_c, 0, 11, 127
4, 35592, Control_c, 0, 11, 105
4, 35616, Control_c, 0, 11, 127
4, 35640, Control_c, 0, 11, 105
4, 35664, Control_c, 0, 11, 127
4, 35688, Control_c, 0, 11, 105
4, 35696, Note_off_c, 0, 73, 64
4, 35698, Note_off_c, 0, 77, 64
4, 35712, Note_on_c, 0, 73, 66
4, 35712, Control_c, 0, 11, 127
4, 35724, Note_on_c, 0, 76, 80
4, 35736, Control_c, 0, 11, 105
4, 35760, Control_c, 0, 11, 127
4, 35784, Control_c, 0, 11, 105
4, 35808, Control_c, 0, 11, 127
4, 35832, Control_c, 0, 11, 105
4, 35856, Control_c, 0, 11, 127
4, 35880, Control_c, 0, 11, 105
4, 35904, Control_c, 0, 11, 127
4, 35928, Control_c, 0, 11, 105
4, 35952, Control_c, 0, 11, 127
4, 35976, Control_c, 0, 11, 105
4, 36000, Control_c, 0, 11, 127
4, 36024, Control_c, 0, 11, 105
4, 36048, Control_c, 0, 11, 127
4, 36072, Control_c, 0, 11, 105
4, 36084, Note_off_c, 0, 76, 64
4, 36090, Note_off_c, 0, 73, 64
4, 36272, Note_on_c, 0, 68, 74
4, 36272, Note_on_c, 0, 72, 86
4, 36288, Control_c, 0, 11, 127
4, 36312, Control_c, 0, 11, 105
4, 36336, Control_c, 0, 11, 127
4, 36346, Note_off_c, 0, 68, 64
4, 36360, Control_c, 0, 11, 105
4, 36368, Note_off_c, 0, 72, 64
4, 36368, Note_on_c, 0, 73, 79
4, 36370, Note_on_c, 0, 70, 78
4, 36384, Control_c, 0, 11, 127
4, 36408, Control_c, 0, 11, 105
4, 36432, Control_c, 0, 11, 127
4, 36448, Note_off_c, 0, 73, 64
4, 36450, Note_off_c, 0, 70, 64
4, 36466, Note_on_c, 0, 75, 74
4, 36468, Note_on_c, 0, 72, 77
4, 36504, Control_c, 0, 11, 105
4, 36528, Control_c, 0, 11, 127
4, 36552, Control_c, 0, 11, 105
4, 36554, Note_off_c, 0, 75, 64
4, 36566, Note_off_c, 0, 72, 64
4, 36572, Note_on_c, 0, 75, 70
4, 36572, Note_on_c, 0, 79, 77
4, 36576, Control_c, 0, 11, 127
4, 36600, Control_c, 0, 11, 105
4, 36624, Control_c, 0, 11, 127
4, 36644, Note_off_c, 0, 79, 64
4, 36662, Note_off_c, 0, 75, 64
4, 36672, Note_on_c, 0, 68, 70
4, 36684, Note_on_c, 0, 72, 76
4, 36688, Note_on_c, 0, 75, 54
4, 36696, Control_c, 0, 11, 105
4, 36704, Note_on_c, 0, 77, 59
4, 36720, Control_c, 0, 11, 127
4, 36744, Control_c, 0, 11, 105
4, 36768, Control_c, 0, 11, 127
4, 36792, Control_c, 0, 11, 105
4, 36816, Control_c, 0, 11, 127
4, 36840, Control_c, 0, 11, 105
4, 36864, Control_c, 0, 11, 127
4, 36888, Control_c, 0, 11, 105
4, 36912, Control_c, 0, 11, 127
4, 36936, Control_c, 0, 11, 105
4, 36960, Control_c, 0, 11, 127
4, 36984, Control_c, 0, 11, 105
4, 37008, Control_c, 0, 11, 127
4, 37032, Control_c, 0, 11, 105
4, 37042, Note_off_c, 0, 75, 64
4, 37042, Note_off_c, 0, 68, 64
4, 37044, Note_off_c, 0, 77, 64
4, 37044, Note_off_c, 0, 72, 64
4, 37044, End_track
5, 0, Start_track
5, 0, MIDI_port, 0
5, 0, Title_t, "Reggy@Odyssee.net   "
5, 206, Program_c, 1, 32
5, 208, Control_c, 1, 7, 105
5, 208, Control_c, 1, 10, 64
5, 208, Control_c, 1, 11, 127
5, 210, Control_c, 1, 91, 25
5, 210, Control_c, 1, 93, 5
5, 768, Note_on_c, 1, 43, 88
5, 770, Control_c, 1, 1, 0
5, 770, Pitch_bend_c, 1, 8192
5, 1116, Note_off_c, 1, 43, 64
5, 1152, Note_on_c, 1, 40, 81
5, 1408, Note_off_c, 1, 40, 64
5, 1468, Note_on_c, 1, 47, 71
5, 1520, Note_off_c, 1, 47, 64
5, 1536, Note_on_c, 1, 45, 80
5, 1888, Note_off_c, 1, 45, 64
5, 1920, Note_on_c, 1, 38, 84
5, 2080, Note_off_c, 1, 38, 64
5, 2112, Note_on_c, 1, 42, 91
5, 2218, Note_off_c, 1, 42, 64
5, 2240, Note_on_c, 1, 45, 73
5, 2288, Note_off_c, 1, 45, 64
5, 2304, Note_on_c, 1, 43, 88
5, 2668, Note_off_c, 1, 43, 64
5, 2688, Note_on_c, 1, 48, 86
5, 2848, Note_off_c, 1, 48, 64
5, 2880, Note_on_c, 1, 48, 88
5, 2928, Note_off_c, 1, 48, 64
5, 2944, Note_on_c, 1, 47, 90
5, 2986, Note_off_c, 1, 47, 64
5, 3008, Note_on_c, 1, 45, 84
5, 3050, Note_off_c, 1, 45, 64
5, 3072, Note_on_c, 1, 43, 98
5, 3168, Note_off_c, 1, 43, 64
5, 3840, Note_on_c, 1, 40, 95
5, 4168, Note_off_c, 1, 40, 64
5, 4224, Note_on_c, 1, 40, 101
5, 4496, Note_off_c, 1, 40, 64
5, 4540, Note_on_c, 1, 47, 98
5, 4596, Note_off_c, 1, 47, 64
5, 4608, Note_on_c, 1, 45, 99
5, 4936, Note_off_c, 1, 45, 64
5, 4992, Note_on_c, 1, 38, 106
5, 5264, Note_off_c, 1, 38, 64
5, 5308, Note_on_c, 1, 45, 85
5, 5368, Note_off_c, 1, 45, 64
5, 5376, Note_on_c, 1, 43, 100
5, 5712, Note_off_c, 1, 43, 64
5, 5756, Note_on_c, 1, 40, 98
5, 6044, Note_off_c, 1, 40, 64
5, 6076, Note_on_c, 1, 47, 98
5, 6128, Note_off_c, 1, 47, 64
5, 6144, Note_on_c, 1, 45, 103
5, 6504, Note_off_c, 1, 45, 64
5, 6528, Note_on_c, 1, 38, 101
5, 6810, Note_off_c, 1, 38, 64
5, 6848, Note_on_c, 1, 45, 94
5, 6904, Note_off_c, 1, 45, 64
5, 6912, Note_on_c, 1, 43, 104
5, 7250, Note_off_c, 1, 43, 64
5, 7292, Note_on_c, 1, 40, 99
5, 7580, Note_off_c, 1, 40, 64
5, 7612, Note_on_c, 1, 47, 99
5, 7664, Note_off_c, 1, 47, 64
5, 7680, Note_on_c, 1, 45, 106
5, 8044, Note_off_c, 1, 45, 64
5, 8064, Note_on_c, 1, 38, 102
5, 8344, Note_off_c, 1, 38, 64
5, 8380, Note_on_c, 1, 45, 101
5, 8436, Note_off_c, 1, 45, 64
5, 8448, Note_on_c, 1, 43, 104
5, 8730, Note_off_c, 1, 43, 64
5, 8768, Note_on_c, 1, 43, 93
5, 8820, Note_off_c, 1, 43, 64
5, 8832, Note_on_c, 1, 40, 102
5, 8976, Note_off_c, 1, 40, 64
5, 9024, Note_on_c, 1, 40, 92
5, 9072, Note_off_c, 1, 40, 64
5, 9088, Note_on_c, 1, 43, 104
5, 9132, Note_off_c, 1, 43, 64
5, 9148, Note_on_c, 1, 47, 101
5, 9196, Note_off_c, 1, 47, 64
5, 9216, Note_on_c, 1, 43, 111
5, 9288, Note_off_c, 1, 43, 64
5, 9984, Note_on_c, 1, 40, 95
5, 10312, Note_off_c, 1, 40, 64
5, 10368, Note_on_c, 1, 40, 101
5, 10640, Note_off_c, 1, 40, 64
5, 10684, Note_on_c, 1, 47, 98
5, 10740, Note_off_c, 1, 47, 64
5, 10752, Note_on_c, 1, 45, 99
5, 11080, Note_off_c, 1, 45, 64
5, 11136, Note_on_c, 1, 38, 106
5, 11408, Note_off_c, 1, 38, 64
5, 11452, Note_on_c, 1, 45, 85
5, 11512, Note_off_c, 1, 45, 64
5, 11520, Note_on_c, 1, 43, 100
5, 11856, Note_off_c, 1, 43, 64
5, 11900, Note_on_c, 1, 40, 98
5, 12188, Note_off_c, 1, 40, 64
5, 12220, Note_on_c, 1, 47, 98
5, 12272, Note_off_c, 1, 47, 64
5, 12288, Note_on_c, 1, 45, 103
5, 12648, Note_off_c, 1, 45, 64
5, 12672, Note_on_c, 1, 38, 101
5, 12954, Note_off_c, 1, 38, 64
5, 12992, Note_on_c, 1, 45, 94
5, 13048, Note_off_c, 1, 45, 64
5, 13056, Note_on_c, 1, 43, 104
5, 13394, Note_off_c, 1, 43, 64
5, 13438, Note_on_c, 1, 40, 99
5, 13726, Note_off_c, 1, 40, 64
5, 13756, Note_on_c, 1, 47, 99
5, 13808, Note_off_c, 1, 47, 64
5, 13824, Note_on_c, 1, 45, 106
5, 14188, Note_off_c, 1, 45, 64
5, 14208, Note_on_c, 1, 38, 102
5, 14488, Note_off_c, 1, 38, 64
5, 14524, Note_on_c, 1, 45, 101
5, 14580, Note_off_c, 1, 45, 64
5, 14592, Note_on_c, 1, 43, 104
5, 14874, Note_off_c, 1, 43, 64
5, 14912, Note_on_c, 1, 47, 93
5, 14964, Note_off_c, 1, 47, 64
5, 14976, Note_on_c, 1, 48, 104
5, 15120, Note_off_c, 1, 48, 64
5, 15168, Note_on_c, 1, 48, 92
5, 15216, Note_off_c, 1, 48, 64
5, 15232, Note_on_c, 1, 47, 104
5, 15276, Note_off_c, 1, 47, 64
5, 15292, Note_on_c, 1, 45, 101
5, 15340, Note_off_c, 1, 45, 64
5, 15360, Note_on_c, 1, 43, 101
5, 15658, Note_off_c, 1, 43, 64
5, 15680, Note_on_c, 1, 47, 101
5, 15736, Note_off_c, 1, 47, 64
5, 15744, Note_on_c, 1, 50, 104
5, 15900, Note_off_c, 1, 50, 64
5, 15936, Note_on_c, 1, 40, 109
5, 15992, Note_off_c, 1, 40, 64
5, 16000, Note_on_c, 1, 38, 101
5, 16048, Note_off_c, 1, 38, 64
5, 16064, Note_on_c, 1, 35, 96
5, 16116, Note_off_c, 1, 35, 64
5, 16128, Note_on_c, 1, 38, 105
5, 16176, Note_off_c, 1, 38, 64
5, 16190, Note_on_c, 1, 38, 84
5, 16230, Note_off_c, 1, 38, 64
5, 16254, Note_on_c, 1, 38, 101
5, 16302, Note_off_c, 1, 38, 64
5, 16320, Note_on_c, 1, 38, 106
5, 16392, Note_off_c, 1, 38, 64
5, 16512, Note_on_c, 1, 38, 104
5, 16552, Note_off_c, 1, 38, 64
5, 16574, Note_on_c, 1, 38, 78
5, 16616, Note_off_c, 1, 38, 64
5, 16638, Note_on_c, 1, 38, 98
5, 16682, Note_off_c, 1, 38, 64
5, 16704, Note_on_c, 1, 38, 103
5, 16768, Note_off_c, 1, 38, 64
5, 16896, Note_on_c, 1, 43, 104
5, 16940, Note_off_c, 1, 43, 64
5, 16958, Note_on_c, 1, 43, 82
5, 17002, Note_off_c, 1, 43, 64
5, 17022, Note_on_c, 1, 43, 88
5, 17072, Note_off_c, 1, 43, 64
5, 17088, Note_on_c, 1, 43, 101
5, 17146, Note_off_c, 1, 43, 64
5, 17280, Note_on_c, 1, 43, 101
5, 17330, Note_off_c, 1, 43, 64
5, 17342, Note_on_c, 1, 43, 80
5, 17384, Note_off_c, 1, 43, 64
5, 17406, Note_on_c, 1, 43, 88
5, 17456, Note_off_c, 1, 43, 64
5, 17472, Note_on_c, 1, 43, 106
5, 17536, Note_off_c, 1, 43, 64
5, 17664, Note_on_c, 1, 38, 104
5, 17706, Note_off_c, 1, 38, 64
5, 17726, Note_on_c, 1, 38, 82
5, 17770, Note_off_c, 1, 38, 64
5, 17790, Note_on_c, 1, 38, 94
5, 17830, Note_off_c, 1, 38, 64
5, 17856, Note_on_c, 1, 38, 104
5, 17922, Note_off_c, 1, 38, 64
5, 18048, Note_on_c, 1, 38, 106
5, 18092, Note_off_c, 1, 38, 64
5, 18110, Note_on_c, 1, 38, 85
5, 18158, Note_off_c, 1, 38, 64
5, 18174, Note_on_c, 1, 38, 93
5, 18216, Note_off_c, 1, 38, 64
5, 18240, Note_on_c, 1, 38, 103
5, 18304, Note_off_c, 1, 38, 64
5, 18432, Note_on_c, 1, 43, 107
5, 18482, Note_off_c, 1, 43, 64
5, 18494, Note_on_c, 1, 43, 94
5, 18536, Note_off_c, 1, 43, 64
5, 18558, Note_on_c, 1, 43, 101
5, 18606, Note_off_c, 1, 43, 64
5, 18624, Note_on_c, 1, 43, 105
5, 18680, Note_off_c, 1, 43, 64
5, 18816, Note_on_c, 1, 43, 106
5, 18860, Note_off_c, 1, 43, 64
5, 18878, Note_on_c, 1, 43, 82
5, 18918, Note_off_c, 1, 43, 64
5, 18942, Note_on_c, 1, 43, 94
5, 18990, Note_off_c, 1, 43, 64
5, 19008, Note_on_c, 1, 43, 102
5, 19056, Note_off_c, 1, 43, 64
5, 19070, Note_on_c, 1, 43, 92
5, 19112, Note_off_c, 1, 43, 64
5, 19134, Note_on_c, 1, 43, 102
5, 19178, Note_off_c, 1, 43, 64
5, 19200, Note_on_c, 1, 42, 107
5, 19244, Note_off_c, 1, 42, 64
5, 19262, Note_on_c, 1, 42, 97
5, 19310, Note_off_c, 1, 42, 64
5, 19326, Note_on_c, 1, 42, 94
5, 19370, Note_off_c, 1, 42, 64
5, 19392, Note_on_c, 1, 42, 105
5, 19456, Note_off_c, 1, 42, 64
5, 19584, Note_on_c, 1, 42, 106
5, 19628, Note_off_c, 1, 42, 64
5, 19646, Note_on_c, 1, 42, 88
5, 19694, Note_off_c, 1, 42, 64
5, 19710, Note_on_c, 1, 42, 103
5, 19752, Note_off_c, 1, 42, 64
5, 19776, Note_on_c, 1, 42, 103
5, 19834, Note_off_c, 1, 42, 64
5, 19968, Note_on_c, 1, 35, 106
5, 20016, Note_off_c, 1, 35, 64
5, 20030, Note_on_c, 1, 35, 88
5, 20072, Note_off_c, 1, 35, 64
5, 20094, Note_on_c, 1, 35, 94
5, 20142, Note_off_c, 1, 35, 64
5, 20160, Note_on_c, 1, 35, 105
5, 20220, Note_off_c, 1, 35, 64
5, 20352, Note_on_c, 1, 35, 101
5, 20402, Note_off_c, 1, 35, 64
5, 20414, Note_on_c, 1, 35, 84
5, 20462, Note_off_c, 1, 35, 64
5, 20478, Note_on_c, 1, 35, 96
5, 20522, Note_off_c, 1, 35, 64
5, 20544, Note_on_c, 1, 35, 101
5, 20608, Note_off_c, 1, 35, 64
5, 20736, Note_on_c, 1, 45, 104
5, 20786, Note_off_c, 1, 45, 64
5, 20798, Note_on_c, 1, 45, 82
5, 20838, Note_off_c, 1, 45, 64
5, 20862, Note_on_c, 1, 45, 96
5, 20910, Note_off_c, 1, 45, 64
5, 20928, Note_on_c, 1, 45, 106
5, 20988, Note_off_c, 1, 45, 64
5, 21120, Note_on_c, 1, 45, 104
5, 21168, Note_off_c, 1, 45, 64
5, 21182, Note_on_c, 1, 45, 86
5, 21224, Note_off_c, 1, 45, 64
5, 21246, Note_on_c, 1, 45, 98
5, 21290, Note_off_c, 1, 45, 64
5, 21312, Note_on_c, 1, 45, 106
5, 21362, Note_off_c, 1, 45, 64
5, 21504, Note_on_c, 1, 38, 104
5, 21548, Note_off_c, 1, 38, 64
5, 21566, Note_on_c, 1, 38, 79
5, 21600, Note_off_c, 1, 38, 64
5, 21630, Note_on_c, 1, 38, 93
5, 21672, Note_off_c, 1, 38, 64
5, 21696, Note_on_c, 1, 38, 106
5, 21746, Note_off_c, 1, 38, 64
5, 21758, Note_on_c, 1, 38, 86
5, 21800, Note_off_c, 1, 38, 64
5, 21822, Note_on_c, 1, 38, 96
5, 21862, Note_off_c, 1, 38, 64
5, 21888, Note_on_c, 1, 42, 111
5, 21928, Note_off_c, 1, 42, 64
5, 21952, Note_on_c, 1, 42, 88
5, 21992, Note_off_c, 1, 42, 64
5, 22014, Note_on_c, 1, 42, 102
5, 22058, Note_off_c, 1, 42, 64
5, 22080, Note_on_c, 1, 45, 111
5, 22124, Note_off_c, 1, 45, 64
5, 22142, Note_on_c, 1, 45, 94
5, 22182, Note_off_c, 1, 45, 64
5, 22206, Note_on_c, 1, 45, 103
5, 22242, Note_off_c, 1, 45, 64
5, 22272, Note_on_c, 1, 50, 111
5, 22344, Note_off_c, 1, 50, 64
5, 23040, Note_on_c, 1, 40, 95
5, 23368, Note_off_c, 1, 40, 64
5, 23424, Note_on_c, 1, 40, 101
5, 23696, Note_off_c, 1, 40, 64
5, 23742, Note_on_c, 1, 47, 98
5, 23798, Note_off_c, 1, 47, 64
5, 23808, Note_on_c, 1, 45, 99
5, 24136, Note_off_c, 1, 45, 64
5, 24192, Note_on_c, 1, 38, 106
5, 24464, Note_off_c, 1, 38, 64
5, 24510, Note_on_c, 1, 45, 85
5, 24570, Note_off_c, 1, 45, 64
5, 24576, Note_on_c, 1, 43, 100
5, 24912, Note_off_c, 1, 43, 64
5, 24960, Note_on_c, 1, 40, 98
5, 25248, Note_off_c, 1, 40, 64
5, 25278, Note_on_c, 1, 47, 98
5, 25330, Note_off_c, 1, 47, 64
5, 25344, Note_on_c, 1, 45, 103
5, 25704, Note_off_c, 1, 45, 64
5, 25728, Note_on_c, 1, 38, 101
5, 26010, Note_off_c, 1, 38, 64
5, 26048, Note_on_c, 1, 45, 94
5, 26104, Note_off_c, 1, 45, 64
5, 26112, Note_on_c, 1, 43, 104
5, 26450, Note_off_c, 1, 43, 64
5, 26496, Note_on_c, 1, 40, 99
5, 26784, Note_off_c, 1, 40, 64
5, 26814, Note_on_c, 1, 47, 99
5, 26866, Note_off_c, 1, 47, 64
5, 26880, Note_on_c, 1, 45, 106
5, 27244, Note_off_c, 1, 45, 64
5, 27264, Note_on_c, 1, 38, 102
5, 27544, Note_off_c, 1, 38, 64
5, 27582, Note_on_c, 1, 45, 101
5, 27638, Note_off_c, 1, 45, 64
5, 27648, Note_on_c, 1, 43, 104
5, 27930, Note_off_c, 1, 43, 64
5, 27968, Note_on_c, 1, 47, 93
5, 28020, Note_off_c, 1, 47, 64
5, 28032, Note_on_c, 1, 50, 102
5, 28176, Note_off_c, 1, 50, 64
5, 28224, Note_on_c, 1, 47, 96
5, 28280, Note_off_c, 1, 47, 64
5, 28288, Note_on_c, 1, 50, 104
5, 28344, Note_off_c, 1, 50, 64
5, 28350, Note_on_c, 1, 43, 101
5, 28402, Note_off_c, 1, 43, 64
5, 28416, Note_on_c, 1, 39, 111
5, 28488, Note_off_c, 1, 39, 64
5, 29184, Note_on_c, 1, 41, 95
5, 29512, Note_off_c, 1, 41, 64
5, 29568, Note_on_c, 1, 41, 101
5, 29840, Note_off_c, 1, 41, 64
5, 29886, Note_on_c, 1, 48, 98
5, 29942, Note_off_c, 1, 48, 64
5, 29952, Note_on_c, 1, 46, 99
5, 30280, Note_off_c, 1, 46, 64
5, 30336, Note_on_c, 1, 39, 106
5, 30608, Note_off_c, 1, 39, 64
5, 30654, Note_on_c, 1, 46, 85
5, 30714, Note_off_c, 1, 46, 64
5, 30720, Note_on_c, 1, 44, 100
5, 31056, Note_off_c, 1, 44, 64
5, 31104, Note_on_c, 1, 41, 98
5, 31392, Note_off_c, 1, 41, 64
5, 31422, Note_on_c, 1, 48, 98
5, 31474, Note_off_c, 1, 48, 64
5, 31488, Note_on_c, 1, 46, 103
5, 31780, Note_off_c, 1, 46, 64
5, 31808, Note_on_c, 1, 46, 98
5, 31860, Note_off_c, 1, 46, 64
5, 31872, Note_on_c, 1, 39, 105
5, 32040, Note_off_c, 1, 39, 64
5, 32064, Note_on_c, 1, 43, 98
5, 32170, Note_off_c, 1, 43, 64
5, 32192, Note_on_c, 1, 46, 107
5, 32248, Note_off_c, 1, 46, 64
5, 32256, Note_on_c, 1, 44, 104
5, 32540, Note_off_c, 1, 44, 64
5, 32576, Note_on_c, 1, 44, 104
5, 32624, Note_off_c, 1, 44, 64
5, 32640, Note_on_c, 1, 41, 101
5, 32808, Note_off_c, 1, 41, 64
5, 32832, Note_on_c, 1, 41, 99
5, 32884, Note_off_c, 1, 41, 64
5, 32896, Note_on_c, 1, 43, 99
5, 32948, Note_off_c, 1, 43, 64
5, 32958, Note_on_c, 1, 44, 99
5, 33010, Note_off_c, 1, 44, 64
5, 33024, Note_on_c, 1, 46, 106
5, 33790, Note_off_c, 1, 46, 64
5, 33792, Note_on_c, 1, 39, 79
5, 34552, Note_off_c, 1, 39, 64
5, 34560, Note_on_c, 1, 32, 104
5, 34844, Note_off_c, 1, 32, 64
5, 34880, Note_on_c, 1, 36, 95
5, 34928, Note_off_c, 1, 36, 64
5, 34944, Note_on_c, 1, 41, 101
5, 35112, Note_off_c, 1, 41, 64
5, 35136, Note_on_c, 1, 44, 99
5, 35240, Note_off_c, 1, 44, 64
5, 35262, Note_on_c, 1, 48, 99
5, 35314, Note_off_c, 1, 48, 64
5, 35328, Note_on_c, 1, 46, 106
5, 35692, Note_off_c, 1, 46, 64
5, 35712, Note_on_c, 1, 39, 106
5, 36076, Note_off_c, 1, 39, 64
5, 36096, Note_on_c, 1, 32, 103
5, 37244, Note_off_c, 1, 32, 64
5, 37244, End_track
6, 0, Start_track
6, 0, MIDI_port, 0
6, 0, Title_t, "PUT YOUR HEAD ON  3 "
6, 216, Program_c, 2, 0
6, 218, Control_c, 2, 7, 90
6, 218, Control_c, 2, 10, 30
6, 218, Control_c, 2, 11, 127
6, 220, Control_c, 2, 91, 50
6, 220, Control_c, 2, 93, 0
6, 768, Note_on_c, 2, 91, 104
6, 768, Note_on_c, 2, 83, 105
6, 768, Note_on_c, 2, 86, 110
6, 770, Control_c, 2, 1, 0
6, 770, Pitch_bend_c, 2, 8192
6, 794, Note_off_c, 2, 86, 64
6, 800, Note_off_c, 2, 91, 64
6, 800, Note_off_c, 2, 83, 64
6, 832, Note_on_c, 2, 83, 87
6, 832, Note_on_c, 2, 91, 85
6, 832, Note_on_c, 2, 86, 88
6, 848, Note_off_c, 2, 86, 64
6, 850, Note_off_c, 2, 91, 64
6, 852, Note_off_c, 2, 83, 64
6, 896, Note_on_c, 2, 83, 84
6, 896, Note_on_c, 2, 91, 87
6, 896, Note_on_c, 2, 86, 84
6, 908, Note_off_c, 2, 86, 64
6, 914, Note_off_c, 2, 83, 64
6, 914, Note_off_c, 2, 91, 64
6, 960, Note_on_c, 2, 91, 105
6, 960, Note_on_c, 2, 83, 105
6, 960, Note_on_c, 2, 86, 109
6, 984, Note_off_c, 2, 86, 64
6, 986, Note_off_c, 2, 83, 64
6, 994, Note_off_c, 2, 91, 64
6, 1024, Note_on_c, 2, 83, 85
6, 1024, Note_on_c, 2, 86, 83
6, 1024, Note_on_c, 2, 91, 83
6, 1040, Note_off_c, 2, 86, 64
6, 1040, Note_off_c, 2, 91, 64
6, 1044, Note_off_c, 2, 83, 64
6, 1084, Note_on_c, 2, 86, 95
6, 1084, Note_on_c, 2, 83, 90
6, 1088, Note_on_c, 2, 91, 92
6, 1104, Note_off_c, 2, 83, 64
6, 1108, Note_off_c, 2, 86, 64
6, 1108, Note_off_c, 2, 91, 64
6, 1148, Note_on_c, 2, 91, 93
6, 1148, Note_on_c, 2, 83, 90
6, 1152, Note_on_c, 2, 88, 91
6, 1172, Note_off_c, 2, 88, 64
6, 1174, Note_off_c, 2, 83, 64
6, 1180, Note_off_c, 2, 91, 64
6, 1216, Note_on_c, 2, 83, 86
6, 1216, Note_on_c, 2, 91, 87
6, 1216, Note_on_c, 2, 88, 87
6, 1236, Note_off_c, 2, 83, 64
6, 1236, Note_off_c, 2, 91, 64
6, 1236, Note_off_c, 2, 88, 64
6, 1276, Note_on_c, 2, 83, 90
6, 1276, Note_on_c, 2, 91, 90
6, 1276, Note_on_c, 2, 88, 90
6, 1292, Note_off_c, 2, 91, 64
6, 1292, Note_off_c, 2, 88, 64
6, 1296, Note_off_c, 2, 83, 64
6, 1340, Note_on_c, 2, 83, 105
6, 1340, Note_on_c, 2, 91, 109
6, 1340, Note_on_c, 2, 88, 113
6, 1364, Note_off_c, 2, 83, 64
6, 1364, Note_off_c, 2, 88, 64
6, 1366, Note_off_c, 2, 91, 64
6, 1404, Note_on_c, 2, 83, 89
6, 1404, Note_on_c, 2, 88, 89
6, 1404, Note_on_c, 2, 91, 90
6, 1428, Note_off_c, 2, 83, 64
6, 1428, Note_off_c, 2, 88, 64
6, 1428, Note_off_c, 2, 91, 64
6, 1468, Note_on_c, 2, 83, 92
6, 1468, Note_on_c, 2, 91, 95
6, 1468, Note_on_c, 2, 88, 95
6, 1480, Note_off_c, 2, 88, 64
6, 1486, Note_off_c, 2, 83, 64
6, 1486, Note_off_c, 2, 91, 64
6, 1532, Note_on_c, 2, 88, 98
6, 1532, Note_on_c, 2, 84, 98
6, 1536, Note_on_c, 2, 91, 78
6, 1544, Note_off_c, 2, 91, 64
6, 1558, Note_off_c, 2, 84, 64
6, 1558, Note_off_c, 2, 88, 64
6, 1596, Note_on_c, 2, 91, 91
6, 1596, Note_on_c, 2, 84, 89
6, 1596, Note_on_c, 2, 88, 81
6, 1612, Note_off_c, 2, 88, 64
6, 1620, Note_off_c, 2, 84, 64
6, 1622, Note_off_c, 2, 91, 64
6, 1660, Note_on_c, 2, 91, 98
6, 1660, Note_on_c, 2, 88, 94
6, 1664, Note_on_c, 2, 84, 93
6, 1680, Note_off_c, 2, 88, 64
6, 1686, Note_off_c, 2, 91, 64
6, 1688, Note_off_c, 2, 84, 64
6, 1728, Note_on_c, 2, 91, 105
6, 1728, Note_on_c, 2, 88, 105
6, 1728, Note_on_c, 2, 84, 98
6, 1752, Note_off_c, 2, 88, 64
6, 1752, Note_off_c, 2, 84, 64
6, 1754, Note_off_c, 2, 91, 64
6, 1792, Note_on_c, 2, 91, 98
6, 1792, Note_on_c, 2, 88, 97
6, 1792, Note_on_c, 2, 84, 91
6, 1808, Note_off_c, 2, 88, 64
6, 1810, Note_off_c, 2, 84, 64
6, 1812, Note_off_c, 2, 91, 64
6, 1856, Note_on_c, 2, 91, 99
6, 1856, Note_on_c, 2, 84, 93
6, 1856, Note_on_c, 2, 88, 95
6, 1868, Note_off_c, 2, 88, 64
6, 1872, Note_off_c, 2, 91, 64
6, 1874, Note_off_c, 2, 84, 64
6, 1920, Note_on_c, 2, 84, 87
6, 1920, Note_on_c, 2, 93, 90
6, 1920, Note_on_c, 2, 90, 83
6, 1940, Note_off_c, 2, 90, 64
6, 1944, Note_off_c, 2, 93, 64
6, 1946, Note_off_c, 2, 84, 64
6, 1984, Note_on_c, 2, 93, 90
6, 1984, Note_on_c, 2, 90, 81
6, 1984, Note_on_c, 2, 84, 82
6, 2002, Note_off_c, 2, 90, 64
6, 2002, Note_off_c, 2, 84, 64
6, 2004, Note_off_c, 2, 93, 64
6, 2048, Note_on_c, 2, 90, 103
6, 2048, Note_on_c, 2, 93, 100
6, 2048, Note_on_c, 2, 84, 95
6, 2068, Note_off_c, 2, 90, 64
6, 2068, Note_off_c, 2, 93, 64
6, 2072, Note_off_c, 2, 84, 64
6, 2112, Note_on_c, 2, 93, 101
6, 2112, Note_on_c, 2, 90, 109
6, 2112, Note_on_c, 2, 84, 99
6, 2132, Note_off_c, 2, 90, 64
6, 2138, Note_off_c, 2, 84, 64
6, 2140, Note_off_c, 2, 93, 64
6, 2176, Note_on_c, 2, 93, 100
6, 2176, Note_on_c, 2, 90, 103
6, 2176, Note_on_c, 2, 84, 94
6, 2192, Note_off_c, 2, 90, 64
6, 2194, Note_off_c, 2, 84, 64
6, 2200, Note_off_c, 2, 93, 64
6, 2240, Note_on_c, 2, 93, 99
6, 2240, Note_on_c, 2, 90, 104
6, 2240, Note_on_c, 2, 84, 90
6, 2256, Note_off_c, 2, 93, 64
6, 2256, Note_off_c, 2, 90, 64
6, 2258, Note_off_c, 2, 84, 64
6, 2300, Note_on_c, 2, 91, 98
6, 2300, Note_on_c, 2, 83, 92
6, 2304, Note_on_c, 2, 86, 83
6, 2320, Note_off_c, 2, 86, 64
6, 2324, Note_off_c, 2, 83, 64
6, 2328, Note_off_c, 2, 91, 64
6, 2364, Note_on_c, 2, 83, 86
6, 2364, Note_on_c, 2, 91, 88
6, 2368, Note_on_c, 2, 86, 87
6, 2382, Note_off_c, 2, 83, 64
6, 2384, Note_off_c, 2, 91, 64
6, 2384, Note_off_c, 2, 86, 64
6, 2428, Note_on_c, 2, 86, 95
6, 2428, Note_on_c, 2, 83, 92
6, 2428, Note_on_c, 2, 91, 95
6, 2448, Note_off_c, 2, 83, 64
6, 2452, Note_off_c, 2, 86, 64
6, 2452, Note_off_c, 2, 91, 64
6, 2492, Note_on_c, 2, 83, 100
6, 2492, Note_on_c, 2, 86, 105
6, 2492, Note_on_c, 2, 91, 104
6, 2516, Note_off_c, 2, 86, 64
6, 2518, Note_off_c, 2, 91, 64
6, 2520, Note_off_c, 2, 83, 64
6, 2560, Note_on_c, 2, 83, 95
6, 2560, Note_on_c, 2, 86, 98
6, 2560, Note_on_c, 2, 91, 93
6, 2578, Note_off_c, 2, 86, 64
6, 2578, Note_off_c, 2, 91, 64
6, 2580, Note_off_c, 2, 83, 64
6, 2620, Note_on_c, 2, 83, 96
6, 2620, Note_on_c, 2, 86, 103
6, 2624, Note_on_c, 2, 91, 98
6, 2640, Note_off_c, 2, 83, 64
6, 2644, Note_off_c, 2, 86, 64
6, 2648, Note_off_c, 2, 91, 64
6, 2684, Note_on_c, 2, 91, 89
6, 2688, Note_on_c, 2, 84, 92
6, 2688, Note_on_c, 2, 88, 93
6, 2706, Note_off_c, 2, 88, 64
6, 2710, Note_off_c, 2, 91, 64
6, 2714, Note_off_c, 2, 84, 64
6, 2748, Note_on_c, 2, 84, 89
6, 2752, Note_on_c, 2, 91, 86
6, 2752, Note_on_c, 2, 88, 82
6, 2770, Note_off_c, 2, 91, 64
6, 2770, Note_off_c, 2, 88, 64
6, 2774, Note_off_c, 2, 84, 64
6, 2812, Note_on_c, 2, 84, 97
6, 2812, Note_on_c, 2, 88, 98
6, 2816, Note_on_c, 2, 91, 100
6, 2836, Note_off_c, 2, 88, 64
6, 2838, Note_off_c, 2, 84, 64
6, 2840, Note_off_c, 2, 91, 64
6, 2876, Note_on_c, 2, 84, 98
6, 2876, Note_on_c, 2, 91, 100
6, 2876, Note_on_c, 2, 88, 105
6, 2902, Note_off_c, 2, 91, 64
6, 2902, Note_off_c, 2, 88, 64
6, 2904, Note_off_c, 2, 84, 64
6, 2944, Note_on_c, 2, 88, 103
6, 2944, Note_on_c, 2, 91, 102
6, 2944, Note_on_c, 2, 84, 98
6, 2968, Note_off_c, 2, 88, 64
6, 2968, Note_off_c, 2, 91, 64
6, 2968, Note_off_c, 2, 84, 64
6, 3004, Note_on_c, 2, 84, 98
6, 3004, Note_on_c, 2, 91, 102
6, 3008, Note_on_c, 2, 88, 105
6, 3024, Note_off_c, 2, 91, 64
6, 3026, Note_off_c, 2, 88, 64
6, 3028, Note_off_c, 2, 84, 64
6, 3068, Note_on_c, 2, 91, 110
6, 3072, Note_on_c, 2, 86, 110
6, 3072, Note_on_c, 2, 83, 110
6, 3122, Note_off_c, 2, 83, 64
6, 3124, Note_off_c, 2, 91, 64
6, 3124, Note_off_c, 2, 86, 64
6, 3840, Note_on_c, 2, 88, 110
6, 3840, Note_on_c, 2, 91, 104
6, 3840, Note_on_c, 2, 83, 105
6, 3866, Note_off_c, 2, 88, 64
6, 3872, Note_off_c, 2, 91, 64
6, 3872, Note_off_c, 2, 83, 64
6, 3904, Note_on_c, 2, 88, 88
6, 3904, Note_on_c, 2, 83, 87
6, 3904, Note_on_c, 2, 91, 85
6, 3920, Note_off_c, 2, 88, 64
6, 3922, Note_off_c, 2, 91, 64
6, 3924, Note_off_c, 2, 83, 64
6, 3968, Note_on_c, 2, 88, 84
6, 3968, Note_on_c, 2, 83, 84
6, 3968, Note_on_c, 2, 91, 87
6, 3980, Note_off_c, 2, 88, 64
6, 3986, Note_off_c, 2, 83, 64
6, 3986, Note_off_c, 2, 91, 64
6, 4032, Note_on_c, 2, 91, 105
6, 4032, Note_on_c, 2, 88, 109
6, 4032, Note_on_c, 2, 83, 105
6, 4056, Note_off_c, 2, 88, 64
6, 4058, Note_off_c, 2, 83, 64
6, 4066, Note_off_c, 2, 91, 64
6, 4096, Note_on_c, 2, 83, 85
6, 4096, Note_on_c, 2, 88, 83
6, 4096, Note_on_c, 2, 91, 83
6, 4112, Note_off_c, 2, 88, 64
6, 4112, Note_off_c, 2, 91, 64
6, 4116, Note_off_c, 2, 83, 64
6, 4156, Note_on_c, 2, 88, 95
6, 4156, Note_on_c, 2, 83, 90
6, 4160, Note_on_c, 2, 91, 92
6, 4176, Note_off_c, 2, 83, 64
6, 4180, Note_off_c, 2, 88, 64
6, 4180, Note_off_c, 2, 91, 64
6, 4220, Note_on_c, 2, 91, 93
6, 4220, Note_on_c, 2, 83, 90
6, 4224, Note_on_c, 2, 88, 91
6, 4244, Note_off_c, 2, 88, 64
6, 4246, Note_off_c, 2, 83, 64
6, 4252, Note_off_c, 2, 91, 64
6, 4288, Note_on_c, 2, 83, 86
6, 4288, Note_on_c, 2, 91, 87
6, 4288, Note_on_c, 2, 88, 87
6, 4308, Note_off_c, 2, 83, 64
6, 4308, Note_off_c, 2, 91, 64
6, 4308, Note_off_c, 2, 88, 64
6, 4348, Note_on_c, 2, 83, 90
6, 4348, Note_on_c, 2, 91, 90
6, 4348, Note_on_c, 2, 88, 90
6, 4364, Note_off_c, 2, 91, 64
6, 4364, Note_off_c, 2, 88, 64
6, 4368, Note_off_c, 2, 83, 64
6, 4412, Note_on_c, 2, 83, 105
6, 4412, Note_on_c, 2, 91, 109
6, 4412, Note_on_c, 2, 88, 113
6, 4436, Note_off_c, 2, 83, 64
6, 4436, Note_off_c, 2, 88, 64
6, 4438, Note_off_c, 2, 91, 64
6, 4476, Note_on_c, 2, 83, 89
6, 4476, Note_on_c, 2, 88, 89
6, 4476, Note_on_c, 2, 91, 90
6, 4500, Note_off_c, 2, 83, 64
6, 4500, Note_off_c, 2, 88, 64
6, 4500, Note_off_c, 2, 91, 64
6, 4540, Note_on_c, 2, 83, 92
6, 4540, Note_on_c, 2, 91, 95
6, 4540, Note_on_c, 2, 88, 95
6, 4552, Note_off_c, 2, 88, 64
6, 4558, Note_off_c, 2, 83, 64
6, 4558, Note_off_c, 2, 91, 64
6, 4604, Note_on_c, 2, 88, 98
6, 4604, Note_on_c, 2, 84, 98
6, 4608, Note_on_c, 2, 91, 78
6, 4616, Note_off_c, 2, 91, 64
6, 4630, Note_off_c, 2, 84, 64
6, 4630, Note_off_c, 2, 88, 64
6, 4668, Note_on_c, 2, 91, 91
6, 4668, Note_on_c, 2, 84, 89
6, 4668, Note_on_c, 2, 88, 81
6, 4684, Note_off_c, 2, 88, 64
6, 4692, Note_off_c, 2, 84, 64
6, 4694, Note_off_c, 2, 91, 64
6, 4732, Note_on_c, 2, 91, 98
6, 4732, Note_on_c, 2, 88, 94
6, 4736, Note_on_c, 2, 84, 93
6, 4752, Note_off_c, 2, 88, 64
6, 4758, Note_off_c, 2, 91, 64
6, 4760, Note_off_c, 2, 84, 64
6, 4800, Note_on_c, 2, 91, 105
6, 4800, Note_on_c, 2, 88, 105
6, 4800, Note_on_c, 2, 84, 98
6, 4824, Note_off_c, 2, 88, 64
6, 4824, Note_off_c, 2, 84, 64
6, 4826, Note_off_c, 2, 91, 64
6, 4864, Note_on_c, 2, 91, 98
6, 4864, Note_on_c, 2, 88, 97
6, 4864, Note_on_c, 2, 84, 91
6, 4880, Note_off_c, 2, 88, 64
6, 4882, Note_off_c, 2, 84, 64
6, 4884, Note_off_c, 2, 91, 64
6, 4928, Note_on_c, 2, 91, 99
6, 4928, Note_on_c, 2, 84, 93
6, 4928, Note_on_c, 2, 88, 95
6, 4940, Note_off_c, 2, 88, 64
6, 4944, Note_off_c, 2, 91, 64
6, 4946, Note_off_c, 2, 84, 64
6, 4992, Note_on_c, 2, 84, 87
6, 4992, Note_on_c, 2, 93, 90
6, 4992, Note_on_c, 2, 90, 83
6, 5012, Note_off_c, 2, 90, 64
6, 5016, Note_off_c, 2, 93, 64
6, 5018, Note_off_c, 2, 84, 64
6, 5056, Note_on_c, 2, 93, 90
6, 5056, Note_on_c, 2, 90, 81
6, 5056, Note_on_c, 2, 84, 82
6, 5074, Note_off_c, 2, 90, 64
6, 5074, Note_off_c, 2, 84, 64
6, 5076, Note_off_c, 2, 93, 64
6, 5120, Note_on_c, 2, 90, 103
6, 5120, Note_on_c, 2, 93, 100
6, 5120, Note_on_c, 2, 84, 95
6, 5140, Note_off_c, 2, 90, 64
6, 5140, Note_off_c, 2, 93, 64
6, 5144, Note_off_c, 2, 84, 64
6, 5184, Note_on_c, 2, 93, 101
6, 5184, Note_on_c, 2, 90, 109
6, 5184, Note_on_c, 2, 84, 99
6, 5204, Note_off_c, 2, 90, 64
6, 5210, Note_off_c, 2, 84, 64
6, 5212, Note_off_c, 2, 93, 64
6, 5248, Note_on_c, 2, 93, 100
6, 5248, Note_on_c, 2, 90, 103
6, 5248, Note_on_c, 2, 84, 94
6, 5264, Note_off_c, 2, 90, 64
6, 5266, Note_off_c, 2, 84, 64
6, 5272, Note_off_c, 2, 93, 64
6, 5312, Note_on_c, 2, 93, 99
6, 5312, Note_on_c, 2, 90, 104
6, 5312, Note_on_c, 2, 84, 90
6, 5328, Note_off_c, 2, 93, 64
6, 5328, Note_off_c, 2, 90, 64
6, 5330, Note_off_c, 2, 84, 64
6, 5376, Note_on_c, 2, 91, 104
6, 5376, Note_on_c, 2, 83, 105
6, 5376, Note_on_c, 2, 86, 110
6, 5402, Note_off_c, 2, 86, 64
6, 5408, Note_off_c, 2, 91, 64
6, 5408, Note_off_c, 2, 83, 64
6, 5440, Note_on_c, 2, 83, 87
6, 5440, Note_on_c, 2, 91, 85
6, 5440, Note_on_c, 2, 86, 88
6, 5456, Note_off_c, 2, 86, 64
6, 5458, Note_off_c, 2, 91, 64
6, 5460, Note_off_c, 2, 83, 64
6, 5504, Note_on_c, 2, 83, 84
6, 5504, Note_on_c, 2, 91, 87
6, 5504, Note_on_c, 2, 86, 84
6, 5516, Note_off_c, 2, 86, 64
6, 5522, Note_off_c, 2, 83, 64
6, 5522, Note_off_c, 2, 91, 64
6, 5568, Note_on_c, 2, 91, 105
6, 5568, Note_on_c, 2, 83, 105
6, 5568, Note_on_c, 2, 86, 109
6, 5592, Note_off_c, 2, 86, 64
6, 5594, Note_off_c, 2, 83, 64
6, 5602, Note_off_c, 2, 91, 64
6, 5632, Note_on_c, 2, 83, 85
6, 5632, Note_on_c, 2, 86, 83
6, 5632, Note_on_c, 2, 91, 83
6, 5648, Note_off_c, 2, 86, 64
6, 5648, Note_off_c, 2, 91, 64
6, 5652, Note_off_c, 2, 83, 64
6, 5692, Note_on_c, 2, 86, 95
6, 5692, Note_on_c, 2, 83, 90
6, 5696, Note_on_c, 2, 91, 92
6, 5712, Note_off_c, 2, 83, 64
6, 5716, Note_off_c, 2, 86, 64
6, 5716, Note_off_c, 2, 91, 64
6, 5756, Note_on_c, 2, 91, 93
6, 5756, Note_on_c, 2, 83, 90
6, 5760, Note_on_c, 2, 88, 91
6, 5780, Note_off_c, 2, 88, 64
6, 5782, Note_off_c, 2, 83, 64
6, 5788, Note_off_c, 2, 91, 64
6, 5824, Note_on_c, 2, 83, 86
6, 5824, Note_on_c, 2, 91, 87
6, 5824, Note_on_c, 2, 88, 87
6, 5844, Note_off_c, 2, 83, 64
6, 5844, Note_off_c, 2, 91, 64
6, 5844, Note_off_c, 2, 88, 64
6, 5884, Note_on_c, 2, 83, 90
6, 5884, Note_on_c, 2, 91, 90
6, 5884, Note_on_c, 2, 88, 90
6, 5900, Note_off_c, 2, 91, 64
6, 5900, Note_off_c, 2, 88, 64
6, 5904, Note_off_c, 2, 83, 64
6, 5948, Note_on_c, 2, 83, 105
6, 5948, Note_on_c, 2, 91, 109
6, 5948, Note_on_c, 2, 88, 113
6, 5972, Note_off_c, 2, 83, 64
6, 5972, Note_off_c, 2, 88, 64
6, 5974, Note_off_c, 2, 91, 64
6, 6012, Note_on_c, 2, 83, 89
6, 6012, Note_on_c, 2, 88, 89
6, 6012, Note_on_c, 2, 91, 90
6, 6036, Note_off_c, 2, 83, 64
6, 6036, Note_off_c, 2, 88, 64
6, 6036, Note_off_c, 2, 91, 64
6, 6076, Note_on_c, 2, 83, 92
6, 6076, Note_on_c, 2, 91, 95
6, 6076, Note_on_c, 2, 88, 95
6, 6088, Note_off_c, 2, 88, 64
6, 6094, Note_off_c, 2, 83, 64
6, 6094, Note_off_c, 2, 91, 64
6, 6140, Note_on_c, 2, 88, 98
6, 6140, Note_on_c, 2, 84, 98
6, 6144, Note_on_c, 2, 91, 78
6, 6152, Note_off_c, 2, 91, 64
6, 6166, Note_off_c, 2, 84, 64
6, 6166, Note_off_c, 2, 88, 64
6, 6204, Note_on_c, 2, 91, 91
6, 6204, Note_on_c, 2, 84, 89
6, 6204, Note_on_c, 2, 88, 81
6, 6220, Note_off_c, 2, 88, 64
6, 6228, Note_off_c, 2, 84, 64
6, 6230, Note_off_c, 2, 91, 64
6, 6268, Note_on_c, 2, 91, 98
6, 6268, Note_on_c, 2, 88, 94
6, 6272, Note_on_c, 2, 84, 93
6, 6288, Note_off_c, 2, 88, 64
6, 6294, Note_off_c, 2, 91, 64
6, 6296, Note_off_c, 2, 84, 64
6, 6336, Note_on_c, 2, 91, 105
6, 6336, Note_on_c, 2, 88, 105
6, 6336, Note_on_c, 2, 84, 98
6, 6360, Note_off_c, 2, 88, 64
6, 6360, Note_off_c, 2, 84, 64
6, 6362, Note_off_c, 2, 91, 64
6, 6400, Note_on_c, 2, 91, 98
6, 6400, Note_on_c, 2, 88, 97
6, 6400, Note_on_c, 2, 84, 91
6, 6416, Note_off_c, 2, 88, 64
6, 6418, Note_off_c, 2, 84, 64
6, 6420, Note_off_c, 2, 91, 64
6, 6464, Note_on_c, 2, 91, 99
6, 6464, Note_on_c, 2, 84, 93
6, 6464, Note_on_c, 2, 88, 95
6, 6476, Note_off_c, 2, 88, 64
6, 6480, Note_off_c, 2, 91, 64
6, 6482, Note_off_c, 2, 84, 64
6, 6528, Note_on_c, 2, 84, 87
6, 6528, Note_on_c, 2, 93, 90
6, 6528, Note_on_c, 2, 90, 83
6, 6548, Note_off_c, 2, 90, 64
6, 6552, Note_off_c, 2, 93, 64
6, 6554, Note_off_c, 2, 84, 64
6, 6592, Note_on_c, 2, 93, 90
6, 6592, Note_on_c, 2, 90, 81
6, 6592, Note_on_c, 2, 84, 82
6, 6610, Note_off_c, 2, 90, 64
6, 6610, Note_off_c, 2, 84, 64
6, 6612, Note_off_c, 2, 93, 64
6, 6656, Note_on_c, 2, 90, 103
6, 6656, Note_on_c, 2, 93, 100
6, 6656, Note_on_c, 2, 84, 95
6, 6676, Note_off_c, 2, 90, 64
6, 6676, Note_off_c, 2, 93, 64
6, 6680, Note_off_c, 2, 84, 64
6, 6720, Note_on_c, 2, 93, 101
6, 6720, Note_on_c, 2, 90, 109
6, 6720, Note_on_c, 2, 84, 99
6, 6740, Note_off_c, 2, 90, 64
6, 6746, Note_off_c, 2, 84, 64
6, 6748, Note_off_c, 2, 93, 64
6, 6784, Note_on_c, 2, 93, 100
6, 6784, Note_on_c, 2, 90, 103
6, 6784, Note_on_c, 2, 84, 94
6, 6800, Note_off_c, 2, 90, 64
6, 6802, Note_off_c, 2, 84, 64
6, 6808, Note_off_c, 2, 93, 64
6, 6848, Note_on_c, 2, 93, 99
6, 6848, Note_on_c, 2, 90, 104
6, 6848, Note_on_c, 2, 84, 90
6, 6864, Note_off_c, 2, 93, 64
6, 6864, Note_off_c, 2, 90, 64
6, 6866, Note_off_c, 2, 84, 64
6, 6912, Note_on_c, 2, 91, 104
6, 6912, Note_on_c, 2, 83, 105
6, 6912, Note_on_c, 2, 86, 110
6, 6938, Note_off_c, 2, 86, 64
6, 6944, Note_off_c, 2, 91, 64
6, 6944, Note_off_c, 2, 83, 64
6, 6976, Note_on_c, 2, 83, 87
6, 6976, Note_on_c, 2, 91, 85
6, 6976, Note_on_c, 2, 86, 88
6, 6992, Note_off_c, 2, 86, 64
6, 6994, Note_off_c, 2, 91, 64
6, 6996, Note_off_c, 2, 83, 64
6, 7040, Note_on_c, 2, 83, 84
6, 7040, Note_on_c, 2, 91, 87
6, 7040, Note_on_c, 2, 86, 84
6, 7052, Note_off_c, 2, 86, 64
6, 7058, Note_off_c, 2, 83, 64
6, 7058, Note_off_c, 2, 91, 64
6, 7104, Note_on_c, 2, 91, 105
6, 7104, Note_on_c, 2, 83, 105
6, 7104, Note_on_c, 2, 86, 109
6, 7128, Note_off_c, 2, 86, 64
6, 7130, Note_off_c, 2, 83, 64
6, 7138, Note_off_c, 2, 91, 64
6, 7168, Note_on_c, 2, 83, 85
6, 7168, Note_on_c, 2, 86, 83
6, 7168, Note_on_c, 2, 91, 83
6, 7184, Note_off_c, 2, 86, 64
6, 7184, Note_off_c, 2, 91, 64
6, 7188, Note_off_c, 2, 83, 64
6, 7228, Note_on_c, 2, 86, 95
6, 7228, Note_on_c, 2, 83, 90
6, 7232, Note_on_c, 2, 91, 92
6, 7248, Note_off_c, 2, 83, 64
6, 7252, Note_off_c, 2, 86, 64
6, 7252, Note_off_c, 2, 91, 64
6, 7292, Note_on_c, 2, 91, 93
6, 7292, Note_on_c, 2, 83, 90
6, 7296, Note_on_c, 2, 88, 91
6, 7316, Note_off_c, 2, 88, 64
6, 7318, Note_off_c, 2, 83, 64
6, 7324, Note_off_c, 2, 91, 64
6, 7360, Note_on_c, 2, 83, 86
6, 7360, Note_on_c, 2, 91, 87
6, 7360, Note_on_c, 2, 88, 87
6, 7380, Note_off_c, 2, 83, 64
6, 7380, Note_off_c, 2, 91, 64
6, 7380, Note_off_c, 2, 88, 64
6, 7420, Note_on_c, 2, 83, 90
6, 7420, Note_on_c, 2, 91, 90
6, 7420, Note_on_c, 2, 88, 90
6, 7436, Note_off_c, 2, 91, 64
6, 7436, Note_off_c, 2, 88, 64
6, 7440, Note_off_c, 2, 83, 64
6, 7484, Note_on_c, 2, 83, 105
6, 7484, Note_on_c, 2, 91, 109
6, 7484, Note_on_c, 2, 88, 113
6, 7508, Note_off_c, 2, 83, 64
6, 7508, Note_off_c, 2, 88, 64
6, 7510, Note_off_c, 2, 91, 64
6, 7548, Note_on_c, 2, 83, 89
6, 7548, Note_on_c, 2, 88, 89
6, 7548, Note_on_c, 2, 91, 90
6, 7572, Note_off_c, 2, 83, 64
6, 7572, Note_off_c, 2, 88, 64
6, 7572, Note_off_c, 2, 91, 64
6, 7612, Note_on_c, 2, 83, 92
6, 7612, Note_on_c, 2, 91, 95
6, 7612, Note_on_c, 2, 88, 95
6, 7624, Note_off_c, 2, 88, 64
6, 7630, Note_off_c, 2, 83, 64
6, 7630, Note_off_c, 2, 91, 64
6, 7676, Note_on_c, 2, 88, 98
6, 7676, Note_on_c, 2, 84, 98
6, 7680, Note_on_c, 2, 91, 78
6, 7688, Note_off_c, 2, 91, 64
6, 7702, Note_off_c, 2, 84, 64
6, 7702, Note_off_c, 2, 88, 64
6, 7740, Note_on_c, 2, 91, 91
6, 7740, Note_on_c, 2, 84, 89
6, 7740, Note_on_c, 2, 88, 81
6, 7756, Note_off_c, 2, 88, 64
6, 7764, Note_off_c, 2, 84, 64
6, 7766, Note_off_c, 2, 91, 64
6, 7804, Note_on_c, 2, 91, 98
6, 7804, Note_on_c, 2, 88, 94
6, 7808, Note_on_c, 2, 84, 93
6, 7824, Note_off_c, 2, 88, 64
6, 7830, Note_off_c, 2, 91, 64
6, 7832, Note_off_c, 2, 84, 64
6, 7872, Note_on_c, 2, 91, 105
6, 7872, Note_on_c, 2, 88, 105
6, 7872, Note_on_c, 2, 84, 98
6, 7896, Note_off_c, 2, 88, 64
6, 7896, Note_off_c, 2, 84, 64
6, 7898, Note_off_c, 2, 91, 64
6, 7936, Note_on_c, 2, 91, 98
6, 7936, Note_on_c, 2, 88, 97
6, 7936, Note_on_c, 2, 84, 91
6, 7952, Note_off_c, 2, 88, 64
6, 7954, Note_off_c, 2, 84, 64
6, 7956, Note_off_c, 2, 91, 64
6, 8000, Note_on_c, 2, 91, 99
6, 8000, Note_on_c, 2, 84, 93
6, 8000, Note_on_c, 2, 88, 95
6, 8012, Note_off_c, 2, 88, 64
6, 8016, Note_off_c, 2, 91, 64
6, 8018, Note_off_c, 2, 84, 64
6, 8064, Note_on_c, 2, 84, 87
6, 8064, Note_on_c, 2, 93, 90
6, 8064, Note_on_c, 2, 90, 83
6, 8084, Note_off_c, 2, 90, 64
6, 8088, Note_off_c, 2, 93, 64
6, 8090, Note_off_c, 2, 84, 64
6, 8128, Note_on_c, 2, 93, 90
6, 8128, Note_on_c, 2, 90, 81
6, 8128, Note_on_c, 2, 84, 82
6, 8146, Note_off_c, 2, 90, 64
6, 8146, Note_off_c, 2, 84, 64
6, 8148, Note_off_c, 2, 93, 64
6, 8192, Note_on_c, 2, 90, 103
6, 8192, Note_on_c, 2, 93, 100
6, 8192, Note_on_c, 2, 84, 95
6, 8212, Note_off_c, 2, 90, 64
6, 8212, Note_off_c, 2, 93, 64
6, 8216, Note_off_c, 2, 84, 64
6, 8256, Note_on_c, 2, 93, 101
6, 8256, Note_on_c, 2, 90, 109
6, 8256, Note_on_c, 2, 84, 99
6, 8276, Note_off_c, 2, 90, 64
6, 8282, Note_off_c, 2, 84, 64
6, 8284, Note_off_c, 2, 93, 64
6, 8320, Note_on_c, 2, 93, 100
6, 8320, Note_on_c, 2, 90, 103
6, 8320, Note_on_c, 2, 84, 94
6, 8336, Note_off_c, 2, 90, 64
6, 8338, Note_off_c, 2, 84, 64
6, 8344, Note_off_c, 2, 93, 64
6, 8384, Note_on_c, 2, 93, 99
6, 8384, Note_on_c, 2, 90, 104
6, 8384, Note_on_c, 2, 84, 90
6, 8400, Note_off_c, 2, 93, 64
6, 8400, Note_off_c, 2, 90, 64
6, 8402, Note_off_c, 2, 84, 64
6, 8448, Note_on_c, 2, 83, 100
6, 8448, Note_on_c, 2, 91, 104
6, 8448, Note_on_c, 2, 86, 83
6, 8464, Note_off_c, 2, 86, 64
6, 8474, Note_off_c, 2, 91, 64
6, 8476, Note_off_c, 2, 83, 64
6, 8508, Note_on_c, 2, 83, 86
6, 8508, Note_on_c, 2, 91, 88
6, 8512, Note_on_c, 2, 86, 87
6, 8526, Note_off_c, 2, 83, 64
6, 8528, Note_off_c, 2, 91, 64
6, 8528, Note_off_c, 2, 86, 64
6, 8572, Note_on_c, 2, 86, 95
6, 8572, Note_on_c, 2, 83, 92
6, 8572, Note_on_c, 2, 91, 95
6, 8592, Note_off_c, 2, 83, 64
6, 8596, Note_off_c, 2, 86, 64
6, 8596, Note_off_c, 2, 91, 64
6, 8636, Note_on_c, 2, 83, 100
6, 8636, Note_on_c, 2, 91, 104
6, 8636, Note_on_c, 2, 86, 105
6, 8660, Note_off_c, 2, 86, 64
6, 8662, Note_off_c, 2, 91, 64
6, 8664, Note_off_c, 2, 83, 64
6, 8704, Note_on_c, 2, 83, 95
6, 8704, Note_on_c, 2, 86, 98
6, 8704, Note_on_c, 2, 91, 93
6, 8722, Note_off_c, 2, 86, 64
6, 8722, Note_off_c, 2, 91, 64
6, 8724, Note_off_c, 2, 83, 64
6, 8764, Note_on_c, 2, 86, 103
6, 8764, Note_on_c, 2, 83, 96
6, 8768, Note_on_c, 2, 91, 98
6, 8784, Note_off_c, 2, 83, 64
6, 8788, Note_off_c, 2, 86, 64
6, 8792, Note_off_c, 2, 91, 64
6, 8828, Note_on_c, 2, 91, 89
6, 8832, Note_on_c, 2, 88, 93
6, 8832, Note_on_c, 2, 83, 92
6, 8850, Note_off_c, 2, 88, 64
6, 8854, Note_off_c, 2, 91, 64
6, 8858, Note_off_c, 2, 83, 64
6, 8892, Note_on_c, 2, 83, 89
6, 8896, Note_on_c, 2, 91, 86
6, 8896, Note_on_c, 2, 88, 82
6, 8914, Note_off_c, 2, 91, 64
6, 8914, Note_off_c, 2, 88, 64
6, 8918, Note_off_c, 2, 83, 64
6, 8956, Note_on_c, 2, 83, 97
6, 8956, Note_on_c, 2, 88, 98
6, 8960, Note_on_c, 2, 91, 100
6, 8980, Note_off_c, 2, 88, 64
6, 8982, Note_off_c, 2, 83, 64
6, 8984, Note_off_c, 2, 91, 64
6, 9020, Note_on_c, 2, 83, 98
6, 9020, Note_on_c, 2, 91, 100
6, 9020, Note_on_c, 2, 88, 105
6, 9046, Note_off_c, 2, 91, 64
6, 9046, Note_off_c, 2, 88, 64
6, 9048, Note_off_c, 2, 83, 64
6, 9088, Note_on_c, 2, 83, 98
6, 9088, Note_on_c, 2, 88, 103
6, 9088, Note_on_c, 2, 91, 102
6, 9112, Note_off_c, 2, 83, 64
6, 9112, Note_off_c, 2, 88, 64
6, 9112, Note_off_c, 2, 91, 64
6, 9148, Note_on_c, 2, 88, 105
6, 9148, Note_on_c, 2, 83, 98
6, 9148, Note_on_c, 2, 91, 102
6, 9166, Note_off_c, 2, 88, 64
6, 9168, Note_off_c, 2, 91, 64
6, 9172, Note_off_c, 2, 83, 64
6, 9216, Note_on_c, 2, 91, 110
6, 9216, Note_on_c, 2, 86, 110
6, 9216, Note_on_c, 2, 83, 110
6, 9266, Note_off_c, 2, 83, 64
6, 9268, Note_off_c, 2, 86, 64
6, 9272, Note_off_c, 2, 91, 64
6, 9984, Note_on_c, 2, 88, 110
6, 9984, Note_on_c, 2, 91, 104
6, 9984, Note_on_c, 2, 83, 105
6, 10010, Note_off_c, 2, 88, 64
6, 10016, Note_off_c, 2, 91, 64
6, 10016, Note_off_c, 2, 83, 64
6, 10048, Note_on_c, 2, 88, 88
6, 10048, Note_on_c, 2, 83, 87
6, 10048, Note_on_c, 2, 91, 85
6, 10064, Note_off_c, 2, 88, 64
6, 10066, Note_off_c, 2, 91, 64
6, 10068, Note_off_c, 2, 83, 64
6, 10112, Note_on_c, 2, 88, 84
6, 10112, Note_on_c, 2, 83, 84
6, 10112, Note_on_c, 2, 91, 87
6, 10124, Note_off_c, 2, 88, 64
6, 10130, Note_off_c, 2, 83, 64
6, 10130, Note_off_c, 2, 91, 64
6, 10176, Note_on_c, 2, 91, 105
6, 10176, Note_on_c, 2, 88, 109
6, 10176, Note_on_c, 2, 83, 105
6, 10200, Note_off_c, 2, 88, 64
6, 10202, Note_off_c, 2, 83, 64
6, 10210, Note_off_c, 2, 91, 64
6, 10240, Note_on_c, 2, 83, 85
6, 10240, Note_on_c, 2, 88, 83
6, 10240, Note_on_c, 2, 91, 83
6, 10256, Note_off_c, 2, 88, 64
6, 10256, Note_off_c, 2, 91, 64
6, 10260, Note_off_c, 2, 83, 64
6, 10300, Note_on_c, 2, 88, 95
6, 10300, Note_on_c, 2, 83, 90
6, 10304, Note_on_c, 2, 91, 92
6, 10320, Note_off_c, 2, 83, 64
6, 10324, Note_off_c, 2, 88, 64
6, 10324, Note_off_c, 2, 91, 64
6, 10364, Note_on_c, 2, 91, 93
6, 10364, Note_on_c, 2, 83, 90
6, 10368, Note_on_c, 2, 88, 91
6, 10388, Note_off_c, 2, 88, 64
6, 10390, Note_off_c, 2, 83, 64
6, 10396, Note_off_c, 2, 91, 64
6, 10432, Note_on_c, 2, 83, 86
6, 10432, Note_on_c, 2, 91, 87
6, 10432, Note_on_c, 2, 88, 87
6, 10452, Note_off_c, 2, 83, 64
6, 10452, Note_off_c, 2, 91, 64
6, 10452, Note_off_c, 2, 88, 64
6, 10492, Note_on_c, 2, 83, 90
6, 10492, Note_on_c, 2, 91, 90
6, 10492, Note_on_c, 2, 88, 90
6, 10508, Note_off_c, 2, 91, 64
6, 10508, Note_off_c, 2, 88, 64
6, 10512, Note_off_c, 2, 83, 64
6, 10556, Note_on_c, 2, 83, 105
6, 10556, Note_on_c, 2, 91, 109
6, 10556, Note_on_c, 2, 88, 113
6, 10580, Note_off_c, 2, 83, 64
6, 10580, Note_off_c, 2, 88, 64
6, 10582, Note_off_c, 2, 91, 64
6, 10620, Note_on_c, 2, 83, 89
6, 10620, Note_on_c, 2, 88, 89
6, 10620, Note_on_c, 2, 91, 90
6, 10644, Note_off_c, 2, 83, 64
6, 10644, Note_off_c, 2, 88, 64
6, 10644, Note_off_c, 2, 91, 64
6, 10684, Note_on_c, 2, 83, 92
6, 10684, Note_on_c, 2, 91, 95
6, 10684, Note_on_c, 2, 88, 95
6, 10696, Note_off_c, 2, 88, 64
6, 10702, Note_off_c, 2, 83, 64
6, 10702, Note_off_c, 2, 91, 64
6, 10748, Note_on_c, 2, 88, 98
6, 10748, Note_on_c, 2, 84, 98
6, 10752, Note_on_c, 2, 91, 78
6, 10760, Note_off_c, 2, 91, 64
6, 10774, Note_off_c, 2, 84, 64
6, 10774, Note_off_c, 2, 88, 64
6, 10812, Note_on_c, 2, 91, 91
6, 10812, Note_on_c, 2, 84, 89
6, 10812, Note_on_c, 2, 88, 81
6, 10828, Note_off_c, 2, 88, 64
6, 10836, Note_off_c, 2, 84, 64
6, 10838, Note_off_c, 2, 91, 64
6, 10876, Note_on_c, 2, 91, 98
6, 10876, Note_on_c, 2, 88, 94
6, 10880, Note_on_c, 2, 84, 93
6, 10896, Note_off_c, 2, 88, 64
6, 10902, Note_off_c, 2, 91, 64
6, 10904, Note_off_c, 2, 84, 64
6, 10944, Note_on_c, 2, 91, 105
6, 10944, Note_on_c, 2, 88, 105
6, 10944, Note_on_c, 2, 84, 98
6, 10968, Note_off_c, 2, 88, 64
6, 10968, Note_off_c, 2, 84, 64
6, 10970, Note_off_c, 2, 91, 64
6, 11008, Note_on_c, 2, 91, 98
6, 11008, Note_on_c, 2, 88, 97
6, 11008, Note_on_c, 2, 84, 91
6, 11024, Note_off_c, 2, 88, 64
6, 11026, Note_off_c, 2, 84, 64
6, 11028, Note_off_c, 2, 91, 64
6, 11072, Note_on_c, 2, 91, 99
6, 11072, Note_on_c, 2, 84, 93
6, 11072, Note_on_c, 2, 88, 95
6, 11084, Note_off_c, 2, 88, 64
6, 11088, Note_off_c, 2, 91, 64
6, 11090, Note_off_c, 2, 84, 64
6, 11136, Note_on_c, 2, 84, 87
6, 11136, Note_on_c, 2, 93, 90
6, 11136, Note_on_c, 2, 90, 83
6, 11156, Note_off_c, 2, 90, 64
6, 11160, Note_off_c, 2, 93, 64
6, 11162, Note_off_c, 2, 84, 64
6, 11200, Note_on_c, 2, 93, 90
6, 11200, Note_on_c, 2, 90, 81
6, 11200, Note_on_c, 2, 84, 82
6, 11218, Note_off_c, 2, 90, 64
6, 11218, Note_off_c, 2, 84, 64
6, 11220, Note_off_c, 2, 93, 64
6, 11264, Note_on_c, 2, 90, 103
6, 11264, Note_on_c, 2, 93, 100
6, 11264, Note_on_c, 2, 84, 95
6, 11284, Note_off_c, 2, 90, 64
6, 11284, Note_off_c, 2, 93, 64
6, 11288, Note_off_c, 2, 84, 64
6, 11328, Note_on_c, 2, 93, 101
6, 11328, Note_on_c, 2, 90, 109
6, 11328, Note_on_c, 2, 84, 99
6, 11348, Note_off_c, 2, 90, 64
6, 11354, Note_off_c, 2, 84, 64
6, 11356, Note_off_c, 2, 93, 64
6, 11392, Note_on_c, 2, 93, 100
6, 11392, Note_on_c, 2, 90, 103
6, 11392, Note_on_c, 2, 84, 94
6, 11408, Note_off_c, 2, 90, 64
6, 11410, Note_off_c, 2, 84, 64
6, 11416, Note_off_c, 2, 93, 64
6, 11456, Note_on_c, 2, 93, 99
6, 11456, Note_on_c, 2, 90, 104
6, 11456, Note_on_c, 2, 84, 90
6, 11472, Note_off_c, 2, 93, 64
6, 11472, Note_off_c, 2, 90, 64
6, 11474, Note_off_c, 2, 84, 64
6, 11520, Note_on_c, 2, 91, 104
6, 11520, Note_on_c, 2, 83, 105
6, 11520, Note_on_c, 2, 86, 110
6, 11546, Note_off_c, 2, 86, 64
6, 11552, Note_off_c, 2, 91, 64
6, 11552, Note_off_c, 2, 83, 64
6, 11584, Note_on_c, 2, 83, 87
6, 11584, Note_on_c, 2, 91, 85
6, 11584, Note_on_c, 2, 86, 88
6, 11600, Note_off_c, 2, 86, 64
6, 11602, Note_off_c, 2, 91, 64
6, 11604, Note_off_c, 2, 83, 64
6, 11648, Note_on_c, 2, 83, 84
6, 11648, Note_on_c, 2, 91, 87
6, 11648, Note_on_c, 2, 86, 84
6, 11660, Note_off_c, 2, 86, 64
6, 11666, Note_off_c, 2, 83, 64
6, 11666, Note_off_c, 2, 91, 64
6, 11712, Note_on_c, 2, 91, 105
6, 11712, Note_on_c, 2, 83, 105
6, 11712, Note_on_c, 2, 86, 109
6, 11736, Note_off_c, 2, 86, 64
6, 11738, Note_off_c, 2, 83, 64
6, 11746, Note_off_c, 2, 91, 64
6, 11776, Note_on_c, 2, 83, 85
6, 11776, Note_on_c, 2, 86, 83
6, 11776, Note_on_c, 2, 91, 83
6, 11792, Note_off_c, 2, 86, 64
6, 11792, Note_off_c, 2, 91, 64
6, 11796, Note_off_c, 2, 83, 64
6, 11836, Note_on_c, 2, 86, 95
6, 11836, Note_on_c, 2, 83, 90
6, 11840, Note_on_c, 2, 91, 92
6, 11856, Note_off_c, 2, 83, 64
6, 11860, Note_off_c, 2, 86, 64
6, 11860, Note_off_c, 2, 91, 64
6, 11900, Note_on_c, 2, 91, 93
6, 11900, Note_on_c, 2, 83, 90
6, 11904, Note_on_c, 2, 88, 91
6, 11924, Note_off_c, 2, 88, 64
6, 11926, Note_off_c, 2, 83, 64
6, 11932, Note_off_c, 2, 91, 64
6, 11968, Note_on_c, 2, 83, 86
6, 11968, Note_on_c, 2, 91, 87
6, 11968, Note_on_c, 2, 88, 87
6, 11988, Note_off_c, 2, 83, 64
6, 11988, Note_off_c, 2, 91, 64
6, 11988, Note_off_c, 2, 88, 64
6, 12028, Note_on_c, 2, 83, 90
6, 12028, Note_on_c, 2, 91, 90
6, 12028, Note_on_c, 2, 88, 90
6, 12044, Note_off_c, 2, 91, 64
6, 12044, Note_off_c, 2, 88, 64
6, 12048, Note_off_c, 2, 83, 64
6, 12092, Note_on_c, 2, 83, 105
6, 12092, Note_on_c, 2, 91, 109
6, 12092, Note_on_c, 2, 88, 113
6, 12116, Note_off_c, 2, 83, 64
6, 12116, Note_off_c, 2, 88, 64
6, 12118, Note_off_c, 2, 91, 64
6, 12156, Note_on_c, 2, 83, 89
6, 12156, Note_on_c, 2, 88, 89
6, 12156, Note_on_c, 2, 91, 90
6, 12180, Note_off_c, 2, 83, 64
6, 12180, Note_off_c, 2, 88, 64
6, 12180, Note_off_c, 2, 91, 64
6, 12220, Note_on_c, 2, 83, 92
6, 12220, Note_on_c, 2, 91, 95
6, 12220, Note_on_c, 2, 88, 95
6, 12232, Note_off_c, 2, 88, 64
6, 12238, Note_off_c, 2, 83, 64
6, 12238, Note_off_c, 2, 91, 64
6, 12284, Note_on_c, 2, 88, 98
6, 12284, Note_on_c, 2, 84, 98
6, 12288, Note_on_c, 2, 91, 78
6, 12296, Note_off_c, 2, 91, 64
6, 12310, Note_off_c, 2, 84, 64
6, 12310, Note_off_c, 2, 88, 64
6, 12348, Note_on_c, 2, 91, 91
6, 12348, Note_on_c, 2, 84, 89
6, 12348, Note_on_c, 2, 88, 81
6, 12364, Note_off_c, 2, 88, 64
6, 12372, Note_off_c, 2, 84, 64
6, 12374, Note_off_c, 2, 91, 64
6, 12412, Note_on_c, 2, 91, 98
6, 12412, Note_on_c, 2, 88, 94
6, 12416, Note_on_c, 2, 84, 93
6, 12432, Note_off_c, 2, 88, 64
6, 12438, Note_off_c, 2, 91, 64
6, 12440, Note_off_c, 2, 84, 64
6, 12480, Note_on_c, 2, 91, 105
6, 12480, Note_on_c, 2, 88, 105
6, 12480, Note_on_c, 2, 84, 98
6, 12504, Note_off_c, 2, 88, 64
6, 12504, Note_off_c, 2, 84, 64
6, 12506, Note_off_c, 2, 91, 64
6, 12544, Note_on_c, 2, 91, 98
6, 12544, Note_on_c, 2, 88, 97
6, 12544, Note_on_c, 2, 84, 91
6, 12560, Note_off_c, 2, 88, 64
6, 12562, Note_off_c, 2, 84, 64
6, 12564, Note_off_c, 2, 91, 64
6, 12608, Note_on_c, 2, 91, 99
6, 12608, Note_on_c, 2, 84, 93
6, 12608, Note_on_c, 2, 88, 95
6, 12620, Note_off_c, 2, 88, 64
6, 12624, Note_off_c, 2, 91, 64
6, 12626, Note_off_c, 2, 84, 64
6, 12672, Note_on_c, 2, 84, 87
6, 12672, Note_on_c, 2, 93, 90
6, 12672, Note_on_c, 2, 90, 83
6, 12692, Note_off_c, 2, 90, 64
6, 12696, Note_off_c, 2, 93, 64
6, 12698, Note_off_c, 2, 84, 64
6, 12736, Note_on_c, 2, 93, 90
6, 12736, Note_on_c, 2, 90, 81
6, 12736, Note_on_c, 2, 84, 82
6, 12754, Note_off_c, 2, 90, 64
6, 12754, Note_off_c, 2, 84, 64
6, 12756, Note_off_c, 2, 93, 64
6, 12800, Note_on_c, 2, 90, 103
6, 12800, Note_on_c, 2, 93, 100
6, 12800, Note_on_c, 2, 84, 95
6, 12820, Note_off_c, 2, 90, 64
6, 12820, Note_off_c, 2, 93, 64
6, 12824, Note_off_c, 2, 84, 64
6, 12864, Note_on_c, 2, 93, 101
6, 12864, Note_on_c, 2, 90, 109
6, 12864, Note_on_c, 2, 84, 99
6, 12884, Note_off_c, 2, 90, 64
6, 12890, Note_off_c, 2, 84, 64
6, 12892, Note_off_c, 2, 93, 64
6, 12928, Note_on_c, 2, 93, 100
6, 12928, Note_on_c, 2, 90, 103
6, 12928, Note_on_c, 2, 84, 94
6, 12944, Note_off_c, 2, 90, 64
6, 12946, Note_off_c, 2, 84, 64
6, 12952, Note_off_c, 2, 93, 64
6, 12992, Note_on_c, 2, 93, 99
6, 12992, Note_on_c, 2, 90, 104
6, 12992, Note_on_c, 2, 84, 90
6, 13008, Note_off_c, 2, 93, 64
6, 13008, Note_off_c, 2, 90, 64
6, 13010, Note_off_c, 2, 84, 64
6, 13056, Note_on_c, 2, 91, 104
6, 13056, Note_on_c, 2, 83, 105
6, 13056, Note_on_c, 2, 86, 110
6, 13082, Note_off_c, 2, 86, 64
6, 13088, Note_off_c, 2, 91, 64
6, 13088, Note_off_c, 2, 83, 64
6, 13120, Note_on_c, 2, 83, 87
6, 13120, Note_on_c, 2, 91, 85
6, 13120, Note_on_c, 2, 86, 88
6, 13136, Note_off_c, 2, 86, 64
6, 13138, Note_off_c, 2, 91, 64
6, 13140, Note_off_c, 2, 83, 64
6, 13184, Note_on_c, 2, 83, 84
6, 13184, Note_on_c, 2, 91, 87
6, 13184, Note_on_c, 2, 86, 84
6, 13196, Note_off_c, 2, 86, 64
6, 13202, Note_off_c, 2, 83, 64
6, 13202, Note_off_c, 2, 91, 64
6, 13248, Note_on_c, 2, 91, 105
6, 13248, Note_on_c, 2, 83, 105
6, 13248, Note_on_c, 2, 86, 109
6, 13272, Note_off_c, 2, 86, 64
6, 13274, Note_off_c, 2, 83, 64
6, 13282, Note_off_c, 2, 91, 64
6, 13312, Note_on_c, 2, 83, 85
6, 13312, Note_on_c, 2, 86, 83
6, 13312, Note_on_c, 2, 91, 83
6, 13328, Note_off_c, 2, 86, 64
6, 13328, Note_off_c, 2, 91, 64
6, 13332, Note_off_c, 2, 83, 64
6, 13372, Note_on_c, 2, 86, 95
6, 13372, Note_on_c, 2, 83, 90
6, 13376, Note_on_c, 2, 91, 92
6, 13392, Note_off_c, 2, 83, 64
6, 13396, Note_off_c, 2, 86, 64
6, 13396, Note_off_c, 2, 91, 64
6, 13436, Note_on_c, 2, 91, 93
6, 13436, Note_on_c, 2, 83, 90
6, 13440, Note_on_c, 2, 88, 91
6, 13460, Note_off_c, 2, 88, 64
6, 13462, Note_off_c, 2, 83, 64
6, 13468, Note_off_c, 2, 91, 64
6, 13504, Note_on_c, 2, 83, 86
6, 13504, Note_on_c, 2, 91, 87
6, 13504, Note_on_c, 2, 88, 87
6, 13524, Note_off_c, 2, 83, 64
6, 13524, Note_off_c, 2, 91, 64
6, 13524, Note_off_c, 2, 88, 64
6, 13564, Note_on_c, 2, 83, 90
6, 13564, Note_on_c, 2, 91, 90
6, 13564, Note_on_c, 2, 88, 90
6, 13580, Note_off_c, 2, 91, 64
6, 13580, Note_off_c, 2, 88, 64
6, 13584, Note_off_c, 2, 83, 64
6, 13628, Note_on_c, 2, 83, 105
6, 13628, Note_on_c, 2, 91, 109
6, 13628, Note_on_c, 2, 88, 113
6, 13652, Note_off_c, 2, 83, 64
6, 13652, Note_off_c, 2, 88, 64
6, 13654, Note_off_c, 2, 91, 64
6, 13692, Note_on_c, 2, 83, 89
6, 13692, Note_on_c, 2, 88, 89
6, 13692, Note_on_c, 2, 91, 90
6, 13716, Note_off_c, 2, 83, 64
6, 13716, Note_off_c, 2, 88, 64
6, 13716, Note_off_c, 2, 91, 64
6, 13756, Note_on_c, 2, 83, 92
6, 13756, Note_on_c, 2, 91, 95
6, 13756, Note_on_c, 2, 88, 95
6, 13768, Note_off_c, 2, 88, 64
6, 13774, Note_off_c, 2, 83, 64
6, 13774, Note_off_c, 2, 91, 64
6, 13820, Note_on_c, 2, 88, 98
6, 13820, Note_on_c, 2, 84, 98
6, 13824, Note_on_c, 2, 91, 78
6, 13832, Note_off_c, 2, 91, 64
6, 13846, Note_off_c, 2, 84, 64
6, 13846, Note_off_c, 2, 88, 64
6, 13884, Note_on_c, 2, 91, 91
6, 13884, Note_on_c, 2, 84, 89
6, 13884, Note_on_c, 2, 88, 81
6, 13900, Note_off_c, 2, 88, 64
6, 13908, Note_off_c, 2, 84, 64
6, 13910, Note_off_c, 2, 91, 64
6, 13948, Note_on_c, 2, 91, 98
6, 13948, Note_on_c, 2, 88, 94
6, 13952, Note_on_c, 2, 84, 93
6, 13968, Note_off_c, 2, 88, 64
6, 13974, Note_off_c, 2, 91, 64
6, 13976, Note_off_c, 2, 84, 64
6, 14016, Note_on_c, 2, 91, 105
6, 14016, Note_on_c, 2, 88, 105
6, 14016, Note_on_c, 2, 84, 98
6, 14040, Note_off_c, 2, 88, 64
6, 14040, Note_off_c, 2, 84, 64
6, 14042, Note_off_c, 2, 91, 64
6, 14080, Note_on_c, 2, 91, 98
6, 14080, Note_on_c, 2, 88, 97
6, 14080, Note_on_c, 2, 84, 91
6, 14096, Note_off_c, 2, 88, 64
6, 14098, Note_off_c, 2, 84, 64
6, 14100, Note_off_c, 2, 91, 64
6, 14144, Note_on_c, 2, 91, 99
6, 14144, Note_on_c, 2, 84, 93
6, 14144, Note_on_c, 2, 88, 95
6, 14156, Note_off_c, 2, 88, 64
6, 14160, Note_off_c, 2, 91, 64
6, 14162, Note_off_c, 2, 84, 64
6, 14208, Note_on_c, 2, 84, 87
6, 14208, Note_on_c, 2, 93, 90
6, 14208, Note_on_c, 2, 90, 83
6, 14228, Note_off_c, 2, 90, 64
6, 14232, Note_off_c, 2, 93, 64
6, 14234, Note_off_c, 2, 84, 64
6, 14272, Note_on_c, 2, 93, 90
6, 14272, Note_on_c, 2, 90, 81
6, 14272, Note_on_c, 2, 84, 82
6, 14290, Note_off_c, 2, 90, 64
6, 14290, Note_off_c, 2, 84, 64
6, 14292, Note_off_c, 2, 93, 64
6, 14336, Note_on_c, 2, 90, 103
6, 14336, Note_on_c, 2, 93, 100
6, 14336, Note_on_c, 2, 84, 95
6, 14356, Note_off_c, 2, 90, 64
6, 14356, Note_off_c, 2, 93, 64
6, 14360, Note_off_c, 2, 84, 64
6, 14400, Note_on_c, 2, 93, 101
6, 14400, Note_on_c, 2, 90, 109
6, 14400, Note_on_c, 2, 84, 99
6, 14420, Note_off_c, 2, 90, 64
6, 14426, Note_off_c, 2, 84, 64
6, 14428, Note_off_c, 2, 93, 64
6, 14464, Note_on_c, 2, 93, 100
6, 14464, Note_on_c, 2, 90, 103
6, 14464, Note_on_c, 2, 84, 94
6, 14480, Note_off_c, 2, 90, 64
6, 14482, Note_off_c, 2, 84, 64
6, 14488, Note_off_c, 2, 93, 64
6, 14528, Note_on_c, 2, 93, 99
6, 14528, Note_on_c, 2, 90, 104
6, 14528, Note_on_c, 2, 84, 90
6, 14544, Note_off_c, 2, 93, 64
6, 14544, Note_off_c, 2, 90, 64
6, 14546, Note_off_c, 2, 84, 64
6, 14592, Note_on_c, 2, 83, 100
6, 14592, Note_on_c, 2, 91, 104
6, 14592, Note_on_c, 2, 86, 83
6, 14608, Note_off_c, 2, 86, 64
6, 14618, Note_off_c, 2, 91, 64
6, 14620, Note_off_c, 2, 83, 64
6, 14652, Note_on_c, 2, 83, 86
6, 14652, Note_on_c, 2, 91, 88
6, 14656, Note_on_c, 2, 86, 87
6, 14670, Note_off_c, 2, 83, 64
6, 14672, Note_off_c, 2, 91, 64
6, 14672, Note_off_c, 2, 86, 64
6, 14716, Note_on_c, 2, 86, 95
6, 14716, Note_on_c, 2, 83, 92
6, 14716, Note_on_c, 2, 91, 95
6, 14736, Note_off_c, 2, 83, 64
6, 14740, Note_off_c, 2, 86, 64
6, 14740, Note_off_c, 2, 91, 64
6, 14780, Note_on_c, 2, 83, 100
6, 14780, Note_on_c, 2, 91, 104
6, 14780, Note_on_c, 2, 86, 105
6, 14804, Note_off_c, 2, 86, 64
6, 14806, Note_off_c, 2, 91, 64
6, 14808, Note_off_c, 2, 83, 64
6, 14848, Note_on_c, 2, 83, 95
6, 14848, Note_on_c, 2, 86, 98
6, 14848, Note_on_c, 2, 91, 93
6, 14866, Note_off_c, 2, 86, 64
6, 14866, Note_off_c, 2, 91, 64
6, 14868, Note_off_c, 2, 83, 64
6, 14908, Note_on_c, 2, 86, 103
6, 14908, Note_on_c, 2, 83, 96
6, 14912, Note_on_c, 2, 91, 98
6, 14928, Note_off_c, 2, 83, 64
6, 14932, Note_off_c, 2, 86, 64
6, 14936, Note_off_c, 2, 91, 64
6, 14972, Note_on_c, 2, 91, 89
6, 14976, Note_on_c, 2, 84, 92
6, 14976, Note_on_c, 2, 88, 93
6, 14994, Note_off_c, 2, 88, 64
6, 14998, Note_off_c, 2, 91, 64
6, 15002, Note_off_c, 2, 84, 64
6, 15036, Note_on_c, 2, 84, 89
6, 15040, Note_on_c, 2, 91, 86
6, 15040, Note_on_c, 2, 88, 82
6, 15058, Note_off_c, 2, 91, 64
6, 15058, Note_off_c, 2, 88, 64
6, 15062, Note_off_c, 2, 84, 64
6, 15100, Note_on_c, 2, 84, 97
6, 15100, Note_on_c, 2, 88, 98
6, 15104, Note_on_c, 2, 91, 100
6, 15124, Note_off_c, 2, 88, 64
6, 15126, Note_off_c, 2, 84, 64
6, 15128, Note_off_c, 2, 91, 64
6, 15164, Note_on_c, 2, 84, 98
6, 15164, Note_on_c, 2, 91, 100
6, 15164, Note_on_c, 2, 88, 105
6, 15190, Note_off_c, 2, 91, 64
6, 15190, Note_off_c, 2, 88, 64
6, 15192, Note_off_c, 2, 84, 64
6, 15232, Note_on_c, 2, 84, 98
6, 15232, Note_on_c, 2, 88, 103
6, 15232, Note_on_c, 2, 91, 102
6, 15256, Note_off_c, 2, 84, 64
6, 15256, Note_off_c, 2, 88, 64
6, 15256, Note_off_c, 2, 91, 64
6, 15292, Note_on_c, 2, 84, 98
6, 15292, Note_on_c, 2, 88, 105
6, 15292, Note_on_c, 2, 91, 102
6, 15310, Note_off_c, 2, 88, 64
6, 15312, Note_off_c, 2, 91, 64
6, 15316, Note_off_c, 2, 84, 64
6, 15360, Note_on_c, 2, 83, 100
6, 15360, Note_on_c, 2, 91, 104
6, 15360, Note_on_c, 2, 86, 83
6, 15376, Note_off_c, 2, 86, 64
6, 15386, Note_off_c, 2, 91, 64
6, 15388, Note_off_c, 2, 83, 64
6, 15420, Note_on_c, 2, 83, 86
6, 15420, Note_on_c, 2, 91, 88
6, 15424, Note_on_c, 2, 86, 87
6, 15438, Note_off_c, 2, 83, 64
6, 15440, Note_off_c, 2, 91, 64
6, 15440, Note_off_c, 2, 86, 64
6, 15484, Note_on_c, 2, 86, 95
6, 15484, Note_on_c, 2, 83, 92
6, 15484, Note_on_c, 2, 91, 95
6, 15504, Note_off_c, 2, 83, 64
6, 15508, Note_off_c, 2, 86, 64
6, 15508, Note_off_c, 2, 91, 64
6, 15548, Note_on_c, 2, 83, 100
6, 15548, Note_on_c, 2, 91, 104
6, 15548, Note_on_c, 2, 86, 105
6, 15572, Note_off_c, 2, 86, 64
6, 15574, Note_off_c, 2, 91, 64
6, 15576, Note_off_c, 2, 83, 64
6, 15616, Note_on_c, 2, 83, 95
6, 15616, Note_on_c, 2, 86, 98
6, 15616, Note_on_c, 2, 91, 93
6, 15634, Note_off_c, 2, 86, 64
6, 15634, Note_off_c, 2, 91, 64
6, 15636, Note_off_c, 2, 83, 64
6, 15676, Note_on_c, 2, 86, 103
6, 15676, Note_on_c, 2, 83, 96
6, 15680, Note_on_c, 2, 91, 98
6, 15696, Note_off_c, 2, 83, 64
6, 15700, Note_off_c, 2, 86, 64
6, 15704, Note_off_c, 2, 91, 64
6, 15744, Note_on_c, 2, 83, 100
6, 15744, Note_on_c, 2, 91, 104
6, 15744, Note_on_c, 2, 86, 83
6, 15760, Note_off_c, 2, 86, 64
6, 15770, Note_off_c, 2, 91, 64
6, 15772, Note_off_c, 2, 83, 64
6, 15804, Note_on_c, 2, 83, 86
6, 15804, Note_on_c, 2, 91, 88
6, 15808, Note_on_c, 2, 86, 87
6, 15822, Note_off_c, 2, 83, 64
6, 15824, Note_off_c, 2, 91, 64
6, 15824, Note_off_c, 2, 86, 64
6, 15868, Note_on_c, 2, 86, 95
6, 15868, Note_on_c, 2, 83, 92
6, 15868, Note_on_c, 2, 91, 95
6, 15888, Note_off_c, 2, 83, 64
6, 15892, Note_off_c, 2, 86, 64
6, 15892, Note_off_c, 2, 91, 64
6, 15932, Note_on_c, 2, 83, 100
6, 15932, Note_on_c, 2, 91, 104
6, 15932, Note_on_c, 2, 86, 105
6, 15956, Note_off_c, 2, 86, 64
6, 15958, Note_off_c, 2, 91, 64
6, 15960, Note_off_c, 2, 83, 64
6, 16000, Note_on_c, 2, 83, 95
6, 16000, Note_on_c, 2, 86, 98
6, 16000, Note_on_c, 2, 91, 93
6, 16018, Note_off_c, 2, 86, 64
6, 16018, Note_off_c, 2, 91, 64
6, 16020, Note_off_c, 2, 83, 64
6, 16060, Note_on_c, 2, 86, 103
6, 16060, Note_on_c, 2, 83, 96
6, 16064, Note_on_c, 2, 91, 98
6, 16080, Note_off_c, 2, 83, 64
6, 16084, Note_off_c, 2, 86, 64
6, 16088, Note_off_c, 2, 91, 64
6, 16128, Note_on_c, 2, 90, 106
6, 16128, Note_on_c, 2, 84, 103
6, 16128, Note_on_c, 2, 93, 102
6, 16148, Note_off_c, 2, 90, 64
6, 16152, Note_off_c, 2, 93, 64
6, 16154, Note_off_c, 2, 84, 64
6, 16186, Note_on_c, 2, 90, 86
6, 16186, Note_on_c, 2, 93, 90
6, 16188, Note_on_c, 2, 84, 86
6, 16218, Note_off_c, 2, 90, 64
6, 16220, Note_off_c, 2, 93, 64
6, 16224, Note_off_c, 2, 84, 64
6, 16252, Note_on_c, 2, 90, 110
6, 16252, Note_on_c, 2, 84, 105
6, 16252, Note_on_c, 2, 93, 104
6, 16284, Note_off_c, 2, 90, 64
6, 16284, Note_off_c, 2, 84, 64
6, 16284, Note_off_c, 2, 93, 64
6, 16316, Note_on_c, 2, 90, 127
6, 16316, Note_on_c, 2, 84, 123
6, 16316, Note_on_c, 2, 93, 127
6, 16368, Note_off_c, 2, 90, 64
6, 16372, Note_off_c, 2, 84, 64
6, 16372, Note_off_c, 2, 93, 64
6, 16512, Note_on_c, 2, 90, 126
6, 16512, Note_on_c, 2, 84, 115
6, 16512, Note_on_c, 2, 93, 120
6, 16536, Note_off_c, 2, 90, 64
6, 16544, Note_off_c, 2, 84, 64
6, 16544, Note_off_c, 2, 93, 64
6, 16576, Note_on_c, 2, 90, 91
6, 16576, Note_on_c, 2, 84, 89
6, 16576, Note_on_c, 2, 93, 89
6, 16602, Note_off_c, 2, 93, 64
6, 16604, Note_off_c, 2, 90, 64
6, 16608, Note_off_c, 2, 84, 64
6, 16640, Note_on_c, 2, 90, 110
6, 16640, Note_on_c, 2, 84, 101
6, 16640, Note_on_c, 2, 93, 105
6, 16664, Note_off_c, 2, 90, 64
6, 16664, Note_off_c, 2, 93, 64
6, 16672, Note_off_c, 2, 84, 64
6, 16704, Note_on_c, 2, 90, 127
6, 16704, Note_on_c, 2, 84, 120
6, 16704, Note_on_c, 2, 93, 127
6, 16752, Note_off_c, 2, 90, 64
6, 16752, Note_off_c, 2, 93, 64
6, 16760, Note_off_c, 2, 84, 64
6, 16896, Note_on_c, 2, 86, 119
6, 16896, Note_on_c, 2, 91, 116
6, 16896, Note_on_c, 2, 83, 116
6, 16922, Note_off_c, 2, 86, 64
6, 16928, Note_off_c, 2, 91, 64
6, 16928, Note_off_c, 2, 83, 64
6, 16960, Note_on_c, 2, 83, 97
6, 16960, Note_on_c, 2, 91, 95
6, 16960, Note_on_c, 2, 86, 99
6, 16984, Note_off_c, 2, 86, 64
6, 16986, Note_off_c, 2, 91, 64
6, 16988, Note_off_c, 2, 83, 64
6, 17024, Note_on_c, 2, 86, 111
6, 17024, Note_on_c, 2, 83, 104
6, 17024, Note_on_c, 2, 91, 105
6, 17052, Note_off_c, 2, 86, 64
6, 17052, Note_off_c, 2, 91, 64
6, 17056, Note_off_c, 2, 83, 64
6, 17088, Note_on_c, 2, 83, 120
6, 17088, Note_on_c, 2, 86, 127
6, 17088, Note_on_c, 2, 91, 125
6, 17136, Note_off_c, 2, 86, 64
6, 17138, Note_off_c, 2, 83, 64
6, 17140, Note_off_c, 2, 91, 64
6, 17280, Note_on_c, 2, 86, 112
6, 17280, Note_on_c, 2, 91, 116
6, 17280, Note_on_c, 2, 83, 111
6, 17306, Note_off_c, 2, 86, 64
6, 17308, Note_off_c, 2, 83, 64
6, 17312, Note_off_c, 2, 91, 64
6, 17344, Note_on_c, 2, 86, 98
6, 17344, Note_on_c, 2, 83, 94
6, 17344, Note_on_c, 2, 91, 96
6, 17368, Note_off_c, 2, 86, 64
6, 17368, Note_off_c, 2, 91, 64
6, 17370, Note_off_c, 2, 83, 64
6, 17408, Note_on_c, 2, 83, 98
6, 17408, Note_on_c, 2, 86, 105
6, 17408, Note_on_c, 2, 91, 105
6, 17432, Note_off_c, 2, 86, 64
6, 17432, Note_off_c, 2, 91, 64
6, 17434, Note_off_c, 2, 83, 64
6, 17472, Note_on_c, 2, 83, 115
6, 17472, Note_on_c, 2, 86, 127
6, 17472, Note_on_c, 2, 91, 123
6, 17516, Note_off_c, 2, 86, 64
6, 17520, Note_off_c, 2, 83, 64
6, 17520, Note_off_c, 2, 91, 64
6, 17664, Note_on_c, 2, 84, 110
6, 17664, Note_on_c, 2, 93, 109
6, 17664, Note_on_c, 2, 90, 127
6, 17690, Note_off_c, 2, 93, 64
6, 17692, Note_off_c, 2, 84, 64
6, 17696, Note_off_c, 2, 90, 64
6, 17728, Note_on_c, 2, 84, 83
6, 17728, Note_on_c, 2, 90, 86
6, 17728, Note_on_c, 2, 93, 84
6, 17752, Note_off_c, 2, 90, 64
6, 17752, Note_off_c, 2, 93, 64
6, 17760, Note_off_c, 2, 84, 64
6, 17792, Note_on_c, 2, 90, 124
6, 17792, Note_on_c, 2, 93, 109
6, 17792, Note_on_c, 2, 84, 110
6, 17816, Note_off_c, 2, 90, 64
6, 17820, Note_off_c, 2, 93, 64
6, 17820, Note_off_c, 2, 84, 64
6, 17856, Note_on_c, 2, 84, 117
6, 17856, Note_on_c, 2, 90, 127
6, 17856, Note_on_c, 2, 93, 123
6, 17898, Note_off_c, 2, 90, 64
6, 17898, Note_off_c, 2, 93, 64
6, 17906, Note_off_c, 2, 84, 64
6, 18048, Note_on_c, 2, 90, 126
6, 18048, Note_on_c, 2, 84, 110
6, 18048, Note_on_c, 2, 93, 117
6, 18076, Note_off_c, 2, 90, 64
6, 18076, Note_off_c, 2, 93, 64
6, 18080, Note_off_c, 2, 84, 64
6, 18112, Note_on_c, 2, 84, 95
6, 18112, Note_on_c, 2, 93, 99
6, 18112, Note_on_c, 2, 90, 109
6, 18136, Note_off_c, 2, 90, 64
6, 18138, Note_off_c, 2, 93, 64
6, 18144, Note_off_c, 2, 84, 64
6, 18172, Note_on_c, 2, 90, 114
6, 18176, Note_on_c, 2, 84, 102
6, 18176, Note_on_c, 2, 93, 106
6, 18198, Note_off_c, 2, 90, 64
6, 18200, Note_off_c, 2, 93, 64
6, 18208, Note_off_c, 2, 84, 64
6, 18240, Note_on_c, 2, 84, 112
6, 18240, Note_on_c, 2, 90, 127
6, 18240, Note_on_c, 2, 93, 122
6, 18284, Note_off_c, 2, 90, 64
6, 18288, Note_off_c, 2, 93, 64
6, 18296, Note_off_c, 2, 84, 64
6, 18432, Note_on_c, 2, 86, 119
6, 18432, Note_on_c, 2, 83, 120
6, 18432, Note_on_c, 2, 91, 117
6, 18452, Note_off_c, 2, 86, 64
6, 18456, Note_off_c, 2, 83, 64
6, 18464, Note_off_c, 2, 91, 64
6, 18496, Note_on_c, 2, 86, 101
6, 18496, Note_on_c, 2, 83, 95
6, 18496, Note_on_c, 2, 91, 95
6, 18516, Note_off_c, 2, 91, 64
6, 18520, Note_off_c, 2, 86, 64
6, 18520, Note_off_c, 2, 83, 64
6, 18560, Note_on_c, 2, 83, 98
6, 18560, Note_on_c, 2, 91, 102
6, 18560, Note_on_c, 2, 86, 104
6, 18580, Note_off_c, 2, 86, 64
6, 18584, Note_off_c, 2, 83, 64
6, 18584, Note_off_c, 2, 91, 64
6, 18624, Note_on_c, 2, 83, 116
6, 18624, Note_on_c, 2, 91, 119
6, 18624, Note_on_c, 2, 86, 127
6, 18664, Note_off_c, 2, 86, 64
6, 18666, Note_off_c, 2, 83, 64
6, 18666, Note_off_c, 2, 91, 64
6, 18816, Note_on_c, 2, 86, 123
6, 18816, Note_on_c, 2, 83, 122
6, 18816, Note_on_c, 2, 91, 117
6, 18840, Note_off_c, 2, 83, 64
6, 18842, Note_off_c, 2, 86, 64
6, 18842, Note_off_c, 2, 91, 64
6, 18880, Note_on_c, 2, 91, 95
6, 18880, Note_on_c, 2, 86, 97
6, 18880, Note_on_c, 2, 83, 93
6, 18904, Note_off_c, 2, 86, 64
6, 18906, Note_off_c, 2, 83, 64
6, 18912, Note_off_c, 2, 91, 64
6, 18944, Note_on_c, 2, 91, 97
6, 18944, Note_on_c, 2, 83, 98
6, 18944, Note_on_c, 2, 86, 103
6, 18968, Note_off_c, 2, 86, 64
6, 18970, Note_off_c, 2, 83, 64
6, 18972, Note_off_c, 2, 91, 64
6, 19008, Note_on_c, 2, 83, 113
6, 19008, Note_on_c, 2, 91, 117
6, 19008, Note_on_c, 2, 86, 125
6, 19034, Note_off_c, 2, 86, 64
6, 19040, Note_off_c, 2, 83, 64
6, 19040, Note_off_c, 2, 91, 64
6, 19072, Note_on_c, 2, 83, 102
6, 19072, Note_on_c, 2, 86, 108
6, 19072, Note_on_c, 2, 91, 103
6, 19096, Note_off_c, 2, 86, 64
6, 19096, Note_off_c, 2, 91, 64
6, 19098, Note_off_c, 2, 83, 64
6, 19132, Note_on_c, 2, 83, 112
6, 19132, Note_on_c, 2, 86, 120
6, 19136, Note_on_c, 2, 91, 116
6, 19164, Note_off_c, 2, 83, 64
6, 19164, Note_off_c, 2, 86, 64
6, 19168, Note_off_c, 2, 91, 64
6, 19200, Note_on_c, 2, 90, 91
6, 19200, Note_on_c, 2, 82, 93
6, 19200, Note_on_c, 2, 85, 93
6, 19228, Note_off_c, 2, 85, 64
6, 19232, Note_off_c, 2, 90, 64
6, 19232, Note_off_c, 2, 82, 64
6, 19264, Note_on_c, 2, 90, 87
6, 19264, Note_on_c, 2, 82, 82
6, 19264, Note_on_c, 2, 85, 92
6, 19290, Note_off_c, 2, 85, 64
6, 19292, Note_off_c, 2, 90, 64
6, 19292, Note_off_c, 2, 82, 64
6, 19328, Note_on_c, 2, 90, 102
6, 19328, Note_on_c, 2, 82, 104
6, 19328, Note_on_c, 2, 85, 107
6, 19360, Note_off_c, 2, 90, 64
6, 19360, Note_off_c, 2, 82, 64
6, 19360, Note_off_c, 2, 85, 64
6, 19392, Note_on_c, 2, 82, 126
6, 19392, Note_on_c, 2, 90, 124
6, 19392, Note_on_c, 2, 85, 127
6, 19458, Note_off_c, 2, 90, 64
6, 19460, Note_off_c, 2, 82, 64
6, 19460, Note_off_c, 2, 85, 64
6, 19580, Note_on_c, 2, 82, 89
6, 19584, Note_on_c, 2, 85, 92
6, 19584, Note_on_c, 2, 90, 92
6, 19610, Note_off_c, 2, 85, 64
6, 19612, Note_off_c, 2, 82, 64
6, 19612, Note_off_c, 2, 90, 64
6, 19644, Note_on_c, 2, 82, 95
6, 19644, Note_on_c, 2, 85, 93
6, 19648, Note_on_c, 2, 90, 95
6, 19676, Note_off_c, 2, 82, 64
6, 19676, Note_off_c, 2, 85, 64
6, 19680, Note_off_c, 2, 90, 64
6, 19708, Note_on_c, 2, 82, 116
6, 19712, Note_on_c, 2, 85, 122
6, 19712, Note_on_c, 2, 90, 114
6, 19742, Note_off_c, 2, 82, 64
6, 19744, Note_off_c, 2, 85, 64
6, 19744, Note_off_c, 2, 90, 64
6, 19776, Note_on_c, 2, 82, 120
6, 19776, Note_on_c, 2, 85, 126
6, 19776, Note_on_c, 2, 90, 120
6, 19824, Note_off_c, 2, 82, 64
6, 19824, Note_off_c, 2, 90, 64
6, 19826, Note_off_c, 2, 85, 64
6, 19964, Note_on_c, 2, 83, 95
6, 19968, Note_on_c, 2, 90, 91
6, 19968, Note_on_c, 2, 86, 99
6, 19992, Note_off_c, 2, 90, 64
6, 19994, Note_off_c, 2, 86, 64
6, 19998, Note_off_c, 2, 83, 64
6, 20032, Note_on_c, 2, 83, 87
6, 20032, Note_on_c, 2, 90, 86
6, 20032, Note_on_c, 2, 86, 95
6, 20056, Note_off_c, 2, 90, 64
6, 20056, Note_off_c, 2, 86, 64
6, 20064, Note_off_c, 2, 83, 64
6, 20092, Note_on_c, 2, 90, 109
6, 20092, Note_on_c, 2, 83, 99
6, 20092, Note_on_c, 2, 86, 113
6, 20124, Note_off_c, 2, 90, 64
6, 20124, Note_off_c, 2, 86, 64
6, 20128, Note_off_c, 2, 83, 64
6, 20156, Note_on_c, 2, 83, 117
6, 20156, Note_on_c, 2, 86, 127
6, 20156, Note_on_c, 2, 90, 127
6, 20212, Note_off_c, 2, 90, 64
6, 20214, Note_off_c, 2, 86, 64
6, 20220, Note_off_c, 2, 83, 64
6, 20348, Note_on_c, 2, 90, 89
6, 20348, Note_on_c, 2, 86, 96
6, 20348, Note_on_c, 2, 83, 89
6, 20372, Note_off_c, 2, 90, 64
6, 20374, Note_off_c, 2, 86, 64
6, 20374, Note_off_c, 2, 83, 64
6, 20412, Note_on_c, 2, 83, 90
6, 20412, Note_on_c, 2, 90, 92
6, 20416, Note_on_c, 2, 86, 98
6, 20436, Note_off_c, 2, 90, 64
6, 20442, Note_off_c, 2, 86, 64
6, 20444, Note_off_c, 2, 83, 64
6, 20476, Note_on_c, 2, 83, 105
6, 20476, Note_on_c, 2, 86, 116
6, 20476, Note_on_c, 2, 90, 118
6, 20502, Note_off_c, 2, 86, 64
6, 20502, Note_off_c, 2, 90, 64
6, 20508, Note_off_c, 2, 83, 64
6, 20544, Note_on_c, 2, 83, 116
6, 20544, Note_on_c, 2, 90, 127
6, 20544, Note_on_c, 2, 86, 127
6, 20600, Note_off_c, 2, 83, 64
6, 20600, Note_off_c, 2, 90, 64
6, 20600, Note_off_c, 2, 86, 64
6, 20736, Note_on_c, 2, 91, 109
6, 20736, Note_on_c, 2, 93, 105
6, 20736, Note_on_c, 2, 88, 106
6, 20736, Note_on_c, 2, 85, 110
6, 20768, Note_off_c, 2, 85, 64
6, 20772, Note_off_c, 2, 88, 64
6, 20776, Note_off_c, 2, 91, 64
6, 20776, Note_off_c, 2, 93, 64
6, 20800, Note_on_c, 2, 91, 96
6, 20800, Note_on_c, 2, 85, 84
6, 20800, Note_on_c, 2, 88, 96
6, 20800, Note_on_c, 2, 93, 90
6, 20828, Note_off_c, 2, 88, 64
6, 20832, Note_off_c, 2, 91, 64
6, 20832, Note_off_c, 2, 85, 64
6, 20832, Note_off_c, 2, 93, 64
6, 20864, Note_on_c, 2, 85, 106
6, 20864, Note_on_c, 2, 93, 100
6, 20864, Note_on_c, 2, 91, 110
6, 20864, Note_on_c, 2, 88, 106
6, 20888, Note_off_c, 2, 85, 64
6, 20890, Note_off_c, 2, 91, 64
6, 20890, Note_off_c, 2, 88, 64
6, 20896, Note_off_c, 2, 93, 64
6, 20924, Note_on_c, 2, 91, 122
6, 20928, Note_on_c, 2, 85, 124
6, 20928, Note_on_c, 2, 88, 120
6, 20928, Note_on_c, 2, 93, 112
6, 20984, Note_off_c, 2, 85, 64
6, 20984, Note_off_c, 2, 93, 64
6, 20986, Note_off_c, 2, 88, 64
6, 20988, Note_off_c, 2, 91, 64
6, 21116, Note_on_c, 2, 88, 104
6, 21116, Note_on_c, 2, 91, 103
6, 21116, Note_on_c, 2, 85, 97
6, 21120, Note_on_c, 2, 93, 94
6, 21150, Note_off_c, 2, 91, 64
6, 21150, Note_off_c, 2, 85, 64
6, 21152, Note_off_c, 2, 88, 64
6, 21156, Note_off_c, 2, 93, 64
6, 21184, Note_on_c, 2, 85, 98
6, 21184, Note_on_c, 2, 93, 98
6, 21184, Note_on_c, 2, 88, 104
6, 21184, Note_on_c, 2, 91, 101
6, 21216, Note_off_c, 2, 85, 64
6, 21216, Note_off_c, 2, 88, 64
6, 21216, Note_off_c, 2, 91, 64
6, 21220, Note_off_c, 2, 93, 64
6, 21244, Note_on_c, 2, 85, 109
6, 21244, Note_on_c, 2, 93, 102
6, 21248, Note_on_c, 2, 91, 109
6, 21248, Note_on_c, 2, 88, 111
6, 21272, Note_off_c, 2, 85, 64
6, 21276, Note_off_c, 2, 93, 64
6, 21276, Note_off_c, 2, 88, 64
6, 21280, Note_off_c, 2, 91, 64
6, 21312, Note_on_c, 2, 93, 119
6, 21312, Note_on_c, 2, 91, 125
6, 21312, Note_on_c, 2, 88, 123
6, 21312, Note_on_c, 2, 85, 127
6, 21360, Note_off_c, 2, 85, 64
6, 21362, Note_off_c, 2, 91, 64
6, 21368, Note_off_c, 2, 88, 64
6, 21376, Note_off_c, 2, 93, 64
6, 21500, Note_on_c, 2, 90, 102
6, 21500, Note_on_c, 2, 93, 105
6, 21500, Note_on_c, 2, 84, 100
6, 21524, Note_off_c, 2, 90, 64
6, 21528, Note_off_c, 2, 84, 64
6, 21532, Note_off_c, 2, 93, 64
6, 21564, Note_on_c, 2, 84, 96
6, 21564, Note_on_c, 2, 93, 102
6, 21564, Note_on_c, 2, 90, 98
6, 21588, Note_off_c, 2, 93, 64
6, 21588, Note_off_c, 2, 90, 64
6, 21590, Note_off_c, 2, 84, 64
6, 21628, Note_on_c, 2, 90, 124
6, 21632, Note_on_c, 2, 84, 113
6, 21632, Note_on_c, 2, 93, 116
6, 21654, Note_off_c, 2, 90, 64
6, 21664, Note_off_c, 2, 84, 64
6, 21664, Note_off_c, 2, 93, 64
6, 21696, Note_on_c, 2, 84, 113
6, 21696, Note_on_c, 2, 90, 127
6, 21696, Note_on_c, 2, 93, 122
6, 21720, Note_off_c, 2, 90, 64
6, 21728, Note_off_c, 2, 93, 64
6, 21730, Note_off_c, 2, 84, 64
6, 21756, Note_on_c, 2, 84, 100
6, 21756, Note_on_c, 2, 90, 118
6, 21760, Note_on_c, 2, 93, 108
6, 21780, Note_off_c, 2, 90, 64
6, 21784, Note_off_c, 2, 84, 64
6, 21784, Note_off_c, 2, 93, 64
6, 21820, Note_on_c, 2, 84, 101
6, 21820, Note_on_c, 2, 90, 120
6, 21820, Note_on_c, 2, 93, 111
6, 21846, Note_off_c, 2, 90, 64
6, 21846, Note_off_c, 2, 93, 64
6, 21852, Note_off_c, 2, 84, 64
6, 21884, Note_on_c, 2, 84, 112
6, 21884, Note_on_c, 2, 90, 127
6, 21884, Note_on_c, 2, 93, 123
6, 21916, Note_off_c, 2, 90, 64
6, 21918, Note_off_c, 2, 93, 64
6, 21920, Note_off_c, 2, 84, 64
6, 21948, Note_on_c, 2, 84, 104
6, 21952, Note_on_c, 2, 90, 118
6, 21952, Note_on_c, 2, 93, 108
6, 21972, Note_off_c, 2, 90, 64
6, 21976, Note_off_c, 2, 93, 64
6, 21980, Note_off_c, 2, 84, 64
6, 22012, Note_on_c, 2, 84, 99
6, 22012, Note_on_c, 2, 90, 112
6, 22012, Note_on_c, 2, 93, 106
6, 22040, Note_off_c, 2, 93, 64
6, 22044, Note_off_c, 2, 90, 64
6, 22046, Note_off_c, 2, 84, 64
6, 22080, Note_on_c, 2, 84, 116
6, 22080, Note_on_c, 2, 90, 127
6, 22080, Note_on_c, 2, 93, 123
6, 22112, Note_off_c, 2, 90, 64
6, 22112, Note_off_c, 2, 93, 64
6, 22120, Note_off_c, 2, 84, 64
6, 22144, Note_on_c, 2, 84, 106
6, 22144, Note_on_c, 2, 90, 120
6, 22144, Note_on_c, 2, 93, 116
6, 22162, Note_off_c, 2, 90, 64
6, 22168, Note_off_c, 2, 93, 64
6, 22170, Note_off_c, 2, 84, 64
6, 22204, Note_on_c, 2, 90, 124
6, 22204, Note_on_c, 2, 84, 111
6, 22204, Note_on_c, 2, 93, 115
6, 22230, Note_off_c, 2, 90, 64
6, 22232, Note_off_c, 2, 93, 64
6, 22236, Note_off_c, 2, 84, 64
6, 22272, Note_on_c, 2, 90, 127
6, 22272, Note_on_c, 2, 84, 127
6, 22272, Note_on_c, 2, 93, 127
6, 22320, Note_off_c, 2, 93, 64
6, 22322, Note_off_c, 2, 90, 64
6, 22328, Note_off_c, 2, 84, 64
6, 23040, Note_on_c, 2, 88, 110
6, 23040, Note_on_c, 2, 91, 104
6, 23040, Note_on_c, 2, 83, 105
6, 23066, Note_off_c, 2, 88, 64
6, 23072, Note_off_c, 2, 91, 64
6, 23072, Note_off_c, 2, 83, 64
6, 23104, Note_on_c, 2, 88, 88
6, 23104, Note_on_c, 2, 83, 87
6, 23104, Note_on_c, 2, 91, 85
6, 23120, Note_off_c, 2, 88, 64
6, 23122, Note_off_c, 2, 91, 64
6, 23124, Note_off_c, 2, 83, 64
6, 23168, Note_on_c, 2, 88, 84
6, 23168, Note_on_c, 2, 83, 84
6, 23168, Note_on_c, 2, 91, 87
6, 23180, Note_off_c, 2, 88, 64
6, 23186, Note_off_c, 2, 83, 64
6, 23186, Note_off_c, 2, 91, 64
6, 23232, Note_on_c, 2, 91, 105
6, 23232, Note_on_c, 2, 88, 109
6, 23232, Note_on_c, 2, 83, 105
6, 23256, Note_off_c, 2, 88, 64
6, 23258, Note_off_c, 2, 83, 64
6, 23266, Note_off_c, 2, 91, 64
6, 23296, Note_on_c, 2, 83, 85
6, 23296, Note_on_c, 2, 88, 83
6, 23296, Note_on_c, 2, 91, 83
6, 23312, Note_off_c, 2, 88, 64
6, 23312, Note_off_c, 2, 91, 64
6, 23316, Note_off_c, 2, 83, 64
6, 23356, Note_on_c, 2, 88, 95
6, 23356, Note_on_c, 2, 83, 90
6, 23360, Note_on_c, 2, 91, 92
6, 23376, Note_off_c, 2, 83, 64
6, 23380, Note_off_c, 2, 88, 64
6, 23380, Note_off_c, 2, 91, 64
6, 23420, Note_on_c, 2, 91, 93
6, 23420, Note_on_c, 2, 83, 90
6, 23424, Note_on_c, 2, 88, 91
6, 23444, Note_off_c, 2, 88, 64
6, 23446, Note_off_c, 2, 83, 64
6, 23452, Note_off_c, 2, 91, 64
6, 23488, Note_on_c, 2, 83, 86
6, 23488, Note_on_c, 2, 91, 87
6, 23488, Note_on_c, 2, 88, 87
6, 23508, Note_off_c, 2, 83, 64
6, 23508, Note_off_c, 2, 91, 64
6, 23508, Note_off_c, 2, 88, 64
6, 23548, Note_on_c, 2, 83, 90
6, 23548, Note_on_c, 2, 91, 90
6, 23548, Note_on_c, 2, 88, 90
6, 23564, Note_off_c, 2, 91, 64
6, 23564, Note_off_c, 2, 88, 64
6, 23568, Note_off_c, 2, 83, 64
6, 23612, Note_on_c, 2, 83, 105
6, 23612, Note_on_c, 2, 91, 109
6, 23612, Note_on_c, 2, 88, 113
6, 23636, Note_off_c, 2, 83, 64
6, 23636, Note_off_c, 2, 88, 64
6, 23638, Note_off_c, 2, 91, 64
6, 23676, Note_on_c, 2, 83, 89
6, 23676, Note_on_c, 2, 88, 89
6, 23676, Note_on_c, 2, 91, 90
6, 23700, Note_off_c, 2, 83, 64
6, 23700, Note_off_c, 2, 88, 64
6, 23700, Note_off_c, 2, 91, 64
6, 23740, Note_on_c, 2, 83, 92
6, 23740, Note_on_c, 2, 91, 95
6, 23740, Note_on_c, 2, 88, 95
6, 23752, Note_off_c, 2, 88, 64
6, 23758, Note_off_c, 2, 83, 64
6, 23758, Note_off_c, 2, 91, 64
6, 23804, Note_on_c, 2, 88, 98
6, 23804, Note_on_c, 2, 84, 98
6, 23808, Note_on_c, 2, 91, 78
6, 23816, Note_off_c, 2, 91, 64
6, 23830, Note_off_c, 2, 84, 64
6, 23830, Note_off_c, 2, 88, 64
6, 23868, Note_on_c, 2, 91, 91
6, 23868, Note_on_c, 2, 84, 89
6, 23868, Note_on_c, 2, 88, 81
6, 23884, Note_off_c, 2, 88, 64
6, 23892, Note_off_c, 2, 84, 64
6, 23894, Note_off_c, 2, 91, 64
6, 23932, Note_on_c, 2, 91, 98
6, 23932, Note_on_c, 2, 88, 94
6, 23936, Note_on_c, 2, 84, 93
6, 23952, Note_off_c, 2, 88, 64
6, 23958, Note_off_c, 2, 91, 64
6, 23960, Note_off_c, 2, 84, 64
6, 24000, Note_on_c, 2, 91, 105
6, 24000, Note_on_c, 2, 88, 105
6, 24000, Note_on_c, 2, 84, 98
6, 24024, Note_off_c, 2, 88, 64
6, 24024, Note_off_c, 2, 84, 64
6, 24026, Note_off_c, 2, 91, 64
6, 24064, Note_on_c, 2, 91, 98
6, 24064, Note_on_c, 2, 88, 97
6, 24064, Note_on_c, 2, 84, 91
6, 24080, Note_off_c, 2, 88, 64
6, 24082, Note_off_c, 2, 84, 64
6, 24084, Note_off_c, 2, 91, 64
6, 24128, Note_on_c, 2, 91, 99
6, 24128, Note_on_c, 2, 84, 93
6, 24128, Note_on_c, 2, 88, 95
6, 24140, Note_off_c, 2, 88, 64
6, 24144, Note_off_c, 2, 91, 64
6, 24146, Note_off_c, 2, 84, 64
6, 24192, Note_on_c, 2, 84, 87
6, 24192, Note_on_c, 2, 93, 90
6, 24192, Note_on_c, 2, 90, 83
6, 24212, Note_off_c, 2, 90, 64
6, 24216, Note_off_c, 2, 93, 64
6, 24218, Note_off_c, 2, 84, 64
6, 24256, Note_on_c, 2, 93, 90
6, 24256, Note_on_c, 2, 90, 81
6, 24256, Note_on_c, 2, 84, 82
6, 24274, Note_off_c, 2, 90, 64
6, 24274, Note_off_c, 2, 84, 64
6, 24276, Note_off_c, 2, 93, 64
6, 24320, Note_on_c, 2, 90, 103
6, 24320, Note_on_c, 2, 93, 100
6, 24320, Note_on_c, 2, 84, 95
6, 24340, Note_off_c, 2, 90, 64
6, 24340, Note_off_c, 2, 93, 64
6, 24344, Note_off_c, 2, 84, 64
6, 24384, Note_on_c, 2, 93, 101
6, 24384, Note_on_c, 2, 90, 109
6, 24384, Note_on_c, 2, 84, 99
6, 24404, Note_off_c, 2, 90, 64
6, 24410, Note_off_c, 2, 84, 64
6, 24412, Note_off_c, 2, 93, 64
6, 24448, Note_on_c, 2, 93, 100
6, 24448, Note_on_c, 2, 90, 103
6, 24448, Note_on_c, 2, 84, 94
6, 24464, Note_off_c, 2, 90, 64
6, 24466, Note_off_c, 2, 84, 64
6, 24472, Note_off_c, 2, 93, 64
6, 24512, Note_on_c, 2, 93, 99
6, 24512, Note_on_c, 2, 90, 104
6, 24512, Note_on_c, 2, 84, 90
6, 24528, Note_off_c, 2, 93, 64
6, 24528, Note_off_c, 2, 90, 64
6, 24530, Note_off_c, 2, 84, 64
6, 24576, Note_on_c, 2, 91, 104
6, 24576, Note_on_c, 2, 83, 105
6, 24576, Note_on_c, 2, 86, 110
6, 24602, Note_off_c, 2, 86, 64
6, 24608, Note_off_c, 2, 91, 64
6, 24608, Note_off_c, 2, 83, 64
6, 24640, Note_on_c, 2, 83, 87
6, 24640, Note_on_c, 2, 91, 85
6, 24640, Note_on_c, 2, 86, 88
6, 24656, Note_off_c, 2, 86, 64
6, 24658, Note_off_c, 2, 91, 64
6, 24660, Note_off_c, 2, 83, 64
6, 24704, Note_on_c, 2, 83, 84
6, 24704, Note_on_c, 2, 91, 87
6, 24704, Note_on_c, 2, 86, 84
6, 24716, Note_off_c, 2, 86, 64
6, 24722, Note_off_c, 2, 83, 64
6, 24722, Note_off_c, 2, 91, 64
6, 24768, Note_on_c, 2, 91, 105
6, 24768, Note_on_c, 2, 83, 105
6, 24768, Note_on_c, 2, 86, 109
6, 24792, Note_off_c, 2, 86, 64
6, 24794, Note_off_c, 2, 83, 64
6, 24802, Note_off_c, 2, 91, 64
6, 24832, Note_on_c, 2, 83, 85
6, 24832, Note_on_c, 2, 86, 83
6, 24832, Note_on_c, 2, 91, 83
6, 24848, Note_off_c, 2, 86, 64
6, 24848, Note_off_c, 2, 91, 64
6, 24852, Note_off_c, 2, 83, 64
6, 24892, Note_on_c, 2, 86, 95
6, 24892, Note_on_c, 2, 83, 90
6, 24896, Note_on_c, 2, 91, 92
6, 24912, Note_off_c, 2, 83, 64
6, 24916, Note_off_c, 2, 86, 64
6, 24916, Note_off_c, 2, 91, 64
6, 24956, Note_on_c, 2, 91, 93
6, 24956, Note_on_c, 2, 83, 90
6, 24960, Note_on_c, 2, 88, 91
6, 24980, Note_off_c, 2, 88, 64
6, 24982, Note_off_c, 2, 83, 64
6, 24988, Note_off_c, 2, 91, 64
6, 25024, Note_on_c, 2, 83, 86
6, 25024, Note_on_c, 2, 91, 87
6, 25024, Note_on_c, 2, 88, 87
6, 25044, Note_off_c, 2, 83, 64
6, 25044, Note_off_c, 2, 91, 64
6, 25044, Note_off_c, 2, 88, 64
6, 25084, Note_on_c, 2, 83, 90
6, 25084, Note_on_c, 2, 91, 90
6, 25084, Note_on_c, 2, 88, 90
6, 25100, Note_off_c, 2, 91, 64
6, 25100, Note_off_c, 2, 88, 64
6, 25104, Note_off_c, 2, 83, 64
6, 25148, Note_on_c, 2, 83, 105
6, 25148, Note_on_c, 2, 91, 109
6, 25148, Note_on_c, 2, 88, 113
6, 25172, Note_off_c, 2, 83, 64
6, 25172, Note_off_c, 2, 88, 64
6, 25174, Note_off_c, 2, 91, 64
6, 25212, Note_on_c, 2, 83, 89
6, 25212, Note_on_c, 2, 88, 89
6, 25212, Note_on_c, 2, 91, 90
6, 25236, Note_off_c, 2, 83, 64
6, 25236, Note_off_c, 2, 88, 64
6, 25236, Note_off_c, 2, 91, 64
6, 25276, Note_on_c, 2, 83, 92
6, 25276, Note_on_c, 2, 91, 95
6, 25276, Note_on_c, 2, 88, 95
6, 25288, Note_off_c, 2, 88, 64
6, 25294, Note_off_c, 2, 83, 64
6, 25294, Note_off_c, 2, 91, 64
6, 25340, Note_on_c, 2, 84, 98
6, 25340, Note_on_c, 2, 88, 98
6, 25344, Note_on_c, 2, 93, 78
6, 25352, Note_off_c, 2, 93, 64
6, 25366, Note_off_c, 2, 88, 64
6, 25366, Note_off_c, 2, 84, 64
6, 25404, Note_on_c, 2, 93, 91
6, 25404, Note_on_c, 2, 84, 89
6, 25404, Note_on_c, 2, 88, 81
6, 25420, Note_off_c, 2, 88, 64
6, 25428, Note_off_c, 2, 84, 64
6, 25430, Note_off_c, 2, 93, 64
6, 25468, Note_on_c, 2, 93, 98
6, 25468, Note_on_c, 2, 88, 94
6, 25472, Note_on_c, 2, 84, 93
6, 25488, Note_off_c, 2, 88, 64
6, 25494, Note_off_c, 2, 93, 64
6, 25496, Note_off_c, 2, 84, 64
6, 25536, Note_on_c, 2, 93, 105
6, 25536, Note_on_c, 2, 88, 105
6, 25536, Note_on_c, 2, 84, 98
6, 25560, Note_off_c, 2, 88, 64
6, 25560, Note_off_c, 2, 84, 64
6, 25562, Note_off_c, 2, 93, 64
6, 25600, Note_on_c, 2, 93, 98
6, 25600, Note_on_c, 2, 88, 97
6, 25600, Note_on_c, 2, 84, 91
6, 25616, Note_off_c, 2, 88, 64
6, 25618, Note_off_c, 2, 84, 64
6, 25620, Note_off_c, 2, 93, 64
6, 25664, Note_on_c, 2, 93, 99
6, 25664, Note_on_c, 2, 84, 93
6, 25664, Note_on_c, 2, 88, 95
6, 25676, Note_off_c, 2, 88, 64
6, 25680, Note_off_c, 2, 93, 64
6, 25682, Note_off_c, 2, 84, 64
6, 25728, Note_on_c, 2, 84, 87
6, 25728, Note_on_c, 2, 93, 90
6, 25728, Note_on_c, 2, 90, 83
6, 25748, Note_off_c, 2, 90, 64
6, 25752, Note_off_c, 2, 93, 64
6, 25754, Note_off_c, 2, 84, 64
6, 25792, Note_on_c, 2, 93, 90
6, 25792, Note_on_c, 2, 90, 81
6, 25792, Note_on_c, 2, 84, 82
6, 25810, Note_off_c, 2, 90, 64
6, 25810, Note_off_c, 2, 84, 64
6, 25812, Note_off_c, 2, 93, 64
6, 25856, Note_on_c, 2, 90, 103
6, 25856, Note_on_c, 2, 93, 100
6, 25856, Note_on_c, 2, 84, 95
6, 25876, Note_off_c, 2, 90, 64
6, 25876, Note_off_c, 2, 93, 64
6, 25880, Note_off_c, 2, 84, 64
6, 25920, Note_on_c, 2, 93, 101
6, 25920, Note_on_c, 2, 90, 109
6, 25920, Note_on_c, 2, 84, 99
6, 25940, Note_off_c, 2, 90, 64
6, 25946, Note_off_c, 2, 84, 64
6, 25948, Note_off_c, 2, 93, 64
6, 25984, Note_on_c, 2, 93, 100
6, 25984, Note_on_c, 2, 90, 103
6, 25984, Note_on_c, 2, 84, 94
6, 26000, Note_off_c, 2, 90, 64
6, 26002, Note_off_c, 2, 84, 64
6, 26008, Note_off_c, 2, 93, 64
6, 26048, Note_on_c, 2, 93, 99
6, 26048, Note_on_c, 2, 90, 104
6, 26048, Note_on_c, 2, 84, 90
6, 26064, Note_off_c, 2, 93, 64
6, 26064, Note_off_c, 2, 90, 64
6, 26066, Note_off_c, 2, 84, 64
6, 26112, Note_on_c, 2, 91, 104
6, 26112, Note_on_c, 2, 83, 105
6, 26112, Note_on_c, 2, 86, 110
6, 26138, Note_off_c, 2, 86, 64
6, 26144, Note_off_c, 2, 91, 64
6, 26144, Note_off_c, 2, 83, 64
6, 26176, Note_on_c, 2, 83, 87
6, 26176, Note_on_c, 2, 91, 85
6, 26176, Note_on_c, 2, 86, 88
6, 26192, Note_off_c, 2, 86, 64
6, 26194, Note_off_c, 2, 91, 64
6, 26196, Note_off_c, 2, 83, 64
6, 26240, Note_on_c, 2, 83, 84
6, 26240, Note_on_c, 2, 91, 87
6, 26240, Note_on_c, 2, 86, 84
6, 26252, Note_off_c, 2, 86, 64
6, 26258, Note_off_c, 2, 83, 64
6, 26258, Note_off_c, 2, 91, 64
6, 26304, Note_on_c, 2, 91, 105
6, 26304, Note_on_c, 2, 83, 105
6, 26304, Note_on_c, 2, 86, 109
6, 26328, Note_off_c, 2, 86, 64
6, 26330, Note_off_c, 2, 83, 64
6, 26338, Note_off_c, 2, 91, 64
6, 26368, Note_on_c, 2, 83, 85
6, 26368, Note_on_c, 2, 86, 83
6, 26368, Note_on_c, 2, 91, 83
6, 26384, Note_off_c, 2, 86, 64
6, 26384, Note_off_c, 2, 91, 64
6, 26388, Note_off_c, 2, 83, 64
6, 26428, Note_on_c, 2, 86, 95
6, 26428, Note_on_c, 2, 83, 90
6, 26432, Note_on_c, 2, 91, 92
6, 26448, Note_off_c, 2, 83, 64
6, 26452, Note_off_c, 2, 86, 64
6, 26452, Note_off_c, 2, 91, 64
6, 26492, Note_on_c, 2, 91, 93
6, 26492, Note_on_c, 2, 83, 90
6, 26496, Note_on_c, 2, 88, 91
6, 26516, Note_off_c, 2, 88, 64
6, 26518, Note_off_c, 2, 83, 64
6, 26524, Note_off_c, 2, 91, 64
6, 26560, Note_on_c, 2, 83, 86
6, 26560, Note_on_c, 2, 91, 87
6, 26560, Note_on_c, 2, 88, 87
6, 26580, Note_off_c, 2, 83, 64
6, 26580, Note_off_c, 2, 91, 64
6, 26580, Note_off_c, 2, 88, 64
6, 26620, Note_on_c, 2, 83, 90
6, 26620, Note_on_c, 2, 91, 90
6, 26620, Note_on_c, 2, 88, 90
6, 26636, Note_off_c, 2, 91, 64
6, 26636, Note_off_c, 2, 88, 64
6, 26640, Note_off_c, 2, 83, 64
6, 26684, Note_on_c, 2, 83, 105
6, 26684, Note_on_c, 2, 91, 109
6, 26684, Note_on_c, 2, 88, 113
6, 26708, Note_off_c, 2, 83, 64
6, 26708, Note_off_c, 2, 88, 64
6, 26710, Note_off_c, 2, 91, 64
6, 26748, Note_on_c, 2, 83, 89
6, 26748, Note_on_c, 2, 88, 89
6, 26748, Note_on_c, 2, 91, 90
6, 26772, Note_off_c, 2, 83, 64
6, 26772, Note_off_c, 2, 88, 64
6, 26772, Note_off_c, 2, 91, 64
6, 26812, Note_on_c, 2, 83, 92
6, 26812, Note_on_c, 2, 91, 95
6, 26812, Note_on_c, 2, 88, 95
6, 26824, Note_off_c, 2, 88, 64
6, 26830, Note_off_c, 2, 83, 64
6, 26830, Note_off_c, 2, 91, 64
6, 26876, Note_on_c, 2, 88, 98
6, 26876, Note_on_c, 2, 84, 98
6, 26880, Note_on_c, 2, 91, 78
6, 26888, Note_off_c, 2, 91, 64
6, 26902, Note_off_c, 2, 84, 64
6, 26902, Note_off_c, 2, 88, 64
6, 26940, Note_on_c, 2, 91, 91
6, 26940, Note_on_c, 2, 84, 89
6, 26940, Note_on_c, 2, 88, 81
6, 26956, Note_off_c, 2, 88, 64
6, 26964, Note_off_c, 2, 84, 64
6, 26966, Note_off_c, 2, 91, 64
6, 27004, Note_on_c, 2, 91, 98
6, 27004, Note_on_c, 2, 88, 94
6, 27008, Note_on_c, 2, 84, 93
6, 27024, Note_off_c, 2, 88, 64
6, 27030, Note_off_c, 2, 91, 64
6, 27032, Note_off_c, 2, 84, 64
6, 27072, Note_on_c, 2, 91, 105
6, 27072, Note_on_c, 2, 88, 105
6, 27072, Note_on_c, 2, 84, 98
6, 27096, Note_off_c, 2, 88, 64
6, 27096, Note_off_c, 2, 84, 64
6, 27098, Note_off_c, 2, 91, 64
6, 27136, Note_on_c, 2, 91, 98
6, 27136, Note_on_c, 2, 88, 97
6, 27136, Note_on_c, 2, 84, 91
6, 27152, Note_off_c, 2, 88, 64
6, 27154, Note_off_c, 2, 84, 64
6, 27156, Note_off_c, 2, 91, 64
6, 27200, Note_on_c, 2, 91, 99
6, 27200, Note_on_c, 2, 84, 93
6, 27200, Note_on_c, 2, 88, 95
6, 27212, Note_off_c, 2, 88, 64
6, 27216, Note_off_c, 2, 91, 64
6, 27218, Note_off_c, 2, 84, 64
6, 27264, Note_on_c, 2, 84, 87
6, 27264, Note_on_c, 2, 93, 90
6, 27264, Note_on_c, 2, 90, 83
6, 27284, Note_off_c, 2, 90, 64
6, 27288, Note_off_c, 2, 93, 64
6, 27290, Note_off_c, 2, 84, 64
6, 27328, Note_on_c, 2, 93, 90
6, 27328, Note_on_c, 2, 90, 81
6, 27328, Note_on_c, 2, 84, 82
6, 27346, Note_off_c, 2, 90, 64
6, 27346, Note_off_c, 2, 84, 64
6, 27348, Note_off_c, 2, 93, 64
6, 27392, Note_on_c, 2, 90, 103
6, 27392, Note_on_c, 2, 93, 100
6, 27392, Note_on_c, 2, 84, 95
6, 27412, Note_off_c, 2, 90, 64
6, 27412, Note_off_c, 2, 93, 64
6, 27416, Note_off_c, 2, 84, 64
6, 27456, Note_on_c, 2, 93, 101
6, 27456, Note_on_c, 2, 90, 109
6, 27456, Note_on_c, 2, 84, 99
6, 27476, Note_off_c, 2, 90, 64
6, 27482, Note_off_c, 2, 84, 64
6, 27484, Note_off_c, 2, 93, 64
6, 27520, Note_on_c, 2, 93, 100
6, 27520, Note_on_c, 2, 90, 103
6, 27520, Note_on_c, 2, 84, 94
6, 27536, Note_off_c, 2, 90, 64
6, 27538, Note_off_c, 2, 84, 64
6, 27544, Note_off_c, 2, 93, 64
6, 27584, Note_on_c, 2, 93, 99
6, 27584, Note_on_c, 2, 90, 104
6, 27584, Note_on_c, 2, 84, 90
6, 27600, Note_off_c, 2, 93, 64
6, 27600, Note_off_c, 2, 90, 64
6, 27602, Note_off_c, 2, 84, 64
6, 27648, Note_on_c, 2, 83, 100
6, 27648, Note_on_c, 2, 91, 104
6, 27648, Note_on_c, 2, 86, 83
6, 27664, Note_off_c, 2, 86, 64
6, 27674, Note_off_c, 2, 91, 64
6, 27676, Note_off_c, 2, 83, 64
6, 27708, Note_on_c, 2, 83, 86
6, 27708, Note_on_c, 2, 91, 88
6, 27712, Note_on_c, 2, 86, 87
6, 27726, Note_off_c, 2, 83, 64
6, 27728, Note_off_c, 2, 91, 64
6, 27728, Note_off_c, 2, 86, 64
6, 27772, Note_on_c, 2, 86, 95
6, 27772, Note_on_c, 2, 83, 92
6, 27772, Note_on_c, 2, 91, 95
6, 27792, Note_off_c, 2, 83, 64
6, 27796, Note_off_c, 2, 86, 64
6, 27796, Note_off_c, 2, 91, 64
6, 27836, Note_on_c, 2, 83, 100
6, 27836, Note_on_c, 2, 91, 104
6, 27836, Note_on_c, 2, 86, 105
6, 27860, Note_off_c, 2, 86, 64
6, 27862, Note_off_c, 2, 91, 64
6, 27864, Note_off_c, 2, 83, 64
6, 27904, Note_on_c, 2, 83, 95
6, 27904, Note_on_c, 2, 86, 98
6, 27904, Note_on_c, 2, 91, 93
6, 27922, Note_off_c, 2, 86, 64
6, 27922, Note_off_c, 2, 91, 64
6, 27924, Note_off_c, 2, 83, 64
6, 27964, Note_on_c, 2, 86, 103
6, 27964, Note_on_c, 2, 83, 96
6, 27968, Note_on_c, 2, 91, 98
6, 27984, Note_off_c, 2, 83, 64
6, 27988, Note_off_c, 2, 86, 64
6, 27992, Note_off_c, 2, 91, 64
6, 28028, Note_on_c, 2, 91, 89
6, 28032, Note_on_c, 2, 86, 93
6, 28032, Note_on_c, 2, 83, 92
6, 28050, Note_off_c, 2, 86, 64
6, 28054, Note_off_c, 2, 91, 64
6, 28058, Note_off_c, 2, 83, 64
6, 28092, Note_on_c, 2, 83, 89
6, 28096, Note_on_c, 2, 86, 82
6, 28096, Note_on_c, 2, 91, 86
6, 28114, Note_off_c, 2, 86, 64
6, 28114, Note_off_c, 2, 91, 64
6, 28118, Note_off_c, 2, 83, 64
6, 28156, Note_on_c, 2, 86, 98
6, 28156, Note_on_c, 2, 83, 97
6, 28160, Note_on_c, 2, 91, 100
6, 28180, Note_off_c, 2, 86, 64
6, 28182, Note_off_c, 2, 83, 64
6, 28184, Note_off_c, 2, 91, 64
6, 28220, Note_on_c, 2, 86, 105
6, 28220, Note_on_c, 2, 83, 98
6, 28220, Note_on_c, 2, 91, 100
6, 28246, Note_off_c, 2, 86, 64
6, 28246, Note_off_c, 2, 91, 64
6, 28248, Note_off_c, 2, 83, 64
6, 28288, Note_on_c, 2, 86, 103
6, 28288, Note_on_c, 2, 83, 98
6, 28288, Note_on_c, 2, 91, 102
6, 28312, Note_off_c, 2, 86, 64
6, 28312, Note_off_c, 2, 83, 64
6, 28312, Note_off_c, 2, 91, 64
6, 28348, Note_on_c, 2, 86, 105
6, 28348, Note_on_c, 2, 83, 98
6, 28348, Note_on_c, 2, 91, 102
6, 28366, Note_off_c, 2, 86, 64
6, 28368, Note_off_c, 2, 91, 64
6, 28372, Note_off_c, 2, 83, 64
6, 28416, Note_on_c, 2, 85, 110
6, 28416, Note_on_c, 2, 82, 110
6, 28416, Note_on_c, 2, 87, 110
6, 28416, Note_on_c, 2, 91, 110
6, 28466, Note_off_c, 2, 85, 64
6, 28466, Note_off_c, 2, 82, 64
6, 28468, Note_off_c, 2, 87, 64
6, 28472, Note_off_c, 2, 91, 64
6, 29058, Note_on_c, 2, 27, 71
6, 29084, Note_on_c, 2, 29, 77
6, 29094, Note_on_c, 2, 30, 79
6, 29096, Note_off_c, 2, 27, 64
6, 29104, Note_off_c, 2, 29, 64
6, 29112, Note_off_c, 2, 30, 64
6, 29112, Note_on_c, 2, 31, 83
6, 29118, Note_on_c, 2, 33, 84
6, 29130, Note_off_c, 2, 31, 64
6, 29132, Note_on_c, 2, 35, 89
6, 29140, Note_off_c, 2, 33, 64
6, 29140, Note_on_c, 2, 36, 89
6, 29148, Note_off_c, 2, 35, 64
6, 29150, Note_on_c, 2, 38, 98
6, 29154, Note_off_c, 2, 36, 64
6, 29156, Note_on_c, 2, 40, 100
6, 29160, Note_off_c, 2, 38, 64
6, 29162, Note_on_c, 2, 41, 100
6, 29164, Note_off_c, 2, 40, 64
6, 29166, Note_on_c, 2, 43, 102
6, 29168, Note_off_c, 2, 41, 64
6, 29172, Note_off_c, 2, 43, 64
6, 29172, Note_on_c, 2, 45, 104
6, 29176, Note_off_c, 2, 45, 64
6, 29180, Note_on_c, 2, 47, 99
6, 29184, Note_off_c, 2, 47, 64
6, 29184, Note_on_c, 2, 89, 118
6, 29184, Note_on_c, 2, 92, 111
6, 29184, Note_on_c, 2, 84, 113
6, 29210, Note_off_c, 2, 89, 64
6, 29216, Note_off_c, 2, 92, 64
6, 29216, Note_off_c, 2, 84, 64
6, 29248, Note_on_c, 2, 89, 94
6, 29248, Note_on_c, 2, 84, 93
6, 29248, Note_on_c, 2, 92, 91
6, 29264, Note_off_c, 2, 89, 64
6, 29266, Note_off_c, 2, 92, 64
6, 29268, Note_off_c, 2, 84, 64
6, 29312, Note_on_c, 2, 89, 89
6, 29312, Note_on_c, 2, 84, 89
6, 29312, Note_on_c, 2, 92, 93
6, 29324, Note_off_c, 2, 89, 64
6, 29330, Note_off_c, 2, 84, 64
6, 29330, Note_off_c, 2, 92, 64
6, 29376, Note_on_c, 2, 92, 113
6, 29376, Note_on_c, 2, 89, 117
6, 29376, Note_on_c, 2, 84, 113
6, 29400, Note_off_c, 2, 89, 64
6, 29402, Note_off_c, 2, 84, 64
6, 29410, Note_off_c, 2, 92, 64
6, 29440, Note_on_c, 2, 84, 91
6, 29440, Note_on_c, 2, 89, 88
6, 29440, Note_on_c, 2, 92, 88
6, 29456, Note_off_c, 2, 89, 64
6, 29456, Note_off_c, 2, 92, 64
6, 29460, Note_off_c, 2, 84, 64
6, 29500, Note_on_c, 2, 89, 102
6, 29500, Note_on_c, 2, 84, 96
6, 29504, Note_on_c, 2, 92, 98
6, 29520, Note_off_c, 2, 84, 64
6, 29524, Note_off_c, 2, 89, 64
6, 29524, Note_off_c, 2, 92, 64
6, 29564, Note_on_c, 2, 92, 99
6, 29564, Note_on_c, 2, 84, 96
6, 29568, Note_on_c, 2, 89, 97
6, 29588, Note_off_c, 2, 89, 64
6, 29590, Note_off_c, 2, 84, 64
6, 29596, Note_off_c, 2, 92, 64
6, 29632, Note_on_c, 2, 84, 92
6, 29632, Note_on_c, 2, 92, 93
6, 29632, Note_on_c, 2, 89, 93
6, 29652, Note_off_c, 2, 84, 64
6, 29652, Note_off_c, 2, 92, 64
6, 29652, Note_off_c, 2, 89, 64
6, 29692, Note_on_c, 2, 84, 96
6, 29692, Note_on_c, 2, 92, 96
6, 29692, Note_on_c, 2, 89, 96
6, 29708, Note_off_c, 2, 92, 64
6, 29708, Note_off_c, 2, 89, 64
6, 29712, Note_off_c, 2, 84, 64
6, 29756, Note_on_c, 2, 84, 113
6, 29756, Note_on_c, 2, 92, 117
6, 29756, Note_on_c, 2, 89, 121
6, 29780, Note_off_c, 2, 84, 64
6, 29780, Note_off_c, 2, 89, 64
6, 29782, Note_off_c, 2, 92, 64
6, 29820, Note_on_c, 2, 84, 95
6, 29820, Note_on_c, 2, 89, 95
6, 29820, Note_on_c, 2, 92, 96
6, 29844, Note_off_c, 2, 84, 64
6, 29844, Note_off_c, 2, 89, 64
6, 29844, Note_off_c, 2, 92, 64
6, 29884, Note_on_c, 2, 84, 98
6, 29884, Note_on_c, 2, 92, 102
6, 29884, Note_on_c, 2, 89, 102
6, 29896, Note_off_c, 2, 89, 64
6, 29902, Note_off_c, 2, 84, 64
6, 29902, Note_off_c, 2, 92, 64
6, 29948, Note_on_c, 2, 89, 105
6, 29948, Note_on_c, 2, 85, 105
6, 29952, Note_on_c, 2, 92, 83
6, 29960, Note_off_c, 2, 92, 64
6, 29974, Note_off_c, 2, 85, 64
6, 29974, Note_off_c, 2, 89, 64
6, 30012, Note_on_c, 2, 92, 97
6, 30012, Note_on_c, 2, 85, 95
6, 30012, Note_on_c, 2, 89, 86
6, 30028, Note_off_c, 2, 89, 64
6, 30036, Note_off_c, 2, 85, 64
6, 30038, Note_off_c, 2, 92, 64
6, 30076, Note_on_c, 2, 92, 105
6, 30076, Note_on_c, 2, 89, 100
6, 30080, Note_on_c, 2, 85, 99
6, 30096, Note_off_c, 2, 89, 64
6, 30102, Note_off_c, 2, 92, 64
6, 30104, Note_off_c, 2, 85, 64
6, 30144, Note_on_c, 2, 92, 113
6, 30144, Note_on_c, 2, 89, 113
6, 30144, Note_on_c, 2, 85, 105
6, 30168, Note_off_c, 2, 89, 64
6, 30168, Note_off_c, 2, 85, 64
6, 30170, Note_off_c, 2, 92, 64
6, 30208, Note_on_c, 2, 92, 105
6, 30208, Note_on_c, 2, 89, 104
6, 30208, Note_on_c, 2, 85, 97
6, 30224, Note_off_c, 2, 89, 64
6, 30226, Note_off_c, 2, 85, 64
6, 30228, Note_off_c, 2, 92, 64
6, 30272, Note_on_c, 2, 92, 106
6, 30272, Note_on_c, 2, 85, 99
6, 30272, Note_on_c, 2, 89, 102
6, 30284, Note_off_c, 2, 89, 64
6, 30288, Note_off_c, 2, 92, 64
6, 30290, Note_off_c, 2, 85, 64
6, 30336, Note_on_c, 2, 85, 93
6, 30336, Note_on_c, 2, 94, 96
6, 30336, Note_on_c, 2, 91, 88
6, 30356, Note_off_c, 2, 91, 64
6, 30360, Note_off_c, 2, 94, 64
6, 30362, Note_off_c, 2, 85, 64
6, 30400, Note_on_c, 2, 94, 96
6, 30400, Note_on_c, 2, 91, 86
6, 30400, Note_on_c, 2, 85, 87
6, 30418, Note_off_c, 2, 91, 64
6, 30418, Note_off_c, 2, 85, 64
6, 30420, Note_off_c, 2, 94, 64
6, 30464, Note_on_c, 2, 91, 110
6, 30464, Note_on_c, 2, 94, 107
6, 30464, Note_on_c, 2, 85, 102
6, 30484, Note_off_c, 2, 91, 64
6, 30484, Note_off_c, 2, 94, 64
6, 30488, Note_off_c, 2, 85, 64
6, 30528, Note_on_c, 2, 94, 108
6, 30528, Note_on_c, 2, 91, 117
6, 30528, Note_on_c, 2, 85, 106
6, 30548, Note_off_c, 2, 91, 64
6, 30554, Note_off_c, 2, 85, 64
6, 30556, Note_off_c, 2, 94, 64
6, 30592, Note_on_c, 2, 94, 107
6, 30592, Note_on_c, 2, 91, 110
6, 30592, Note_on_c, 2, 85, 100
6, 30608, Note_off_c, 2, 91, 64
6, 30610, Note_off_c, 2, 85, 64
6, 30616, Note_off_c, 2, 94, 64
6, 30656, Note_on_c, 2, 94, 106
6, 30656, Note_on_c, 2, 91, 111
6, 30656, Note_on_c, 2, 85, 96
6, 30672, Note_off_c, 2, 94, 64
6, 30672, Note_off_c, 2, 91, 64
6, 30674, Note_off_c, 2, 85, 64
6, 30720, Note_on_c, 2, 92, 111
6, 30720, Note_on_c, 2, 84, 113
6, 30720, Note_on_c, 2, 87, 118
6, 30746, Note_off_c, 2, 87, 64
6, 30752, Note_off_c, 2, 92, 64
6, 30752, Note_off_c, 2, 84, 64
6, 30784, Note_on_c, 2, 84, 93
6, 30784, Note_on_c, 2, 92, 91
6, 30784, Note_on_c, 2, 87, 94
6, 30800, Note_off_c, 2, 87, 64
6, 30802, Note_off_c, 2, 92, 64
6, 30804, Note_off_c, 2, 84, 64
6, 30848, Note_on_c, 2, 84, 89
6, 30848, Note_on_c, 2, 92, 93
6, 30848, Note_on_c, 2, 87, 89
6, 30860, Note_off_c, 2, 87, 64
6, 30866, Note_off_c, 2, 84, 64
6, 30866, Note_off_c, 2, 92, 64
6, 30912, Note_on_c, 2, 92, 113
6, 30912, Note_on_c, 2, 84, 113
6, 30912, Note_on_c, 2, 87, 117
6, 30936, Note_off_c, 2, 87, 64
6, 30938, Note_off_c, 2, 84, 64
6, 30946, Note_off_c, 2, 92, 64
6, 30976, Note_on_c, 2, 84, 91
6, 30976, Note_on_c, 2, 87, 88
6, 30976, Note_on_c, 2, 92, 88
6, 30992, Note_off_c, 2, 87, 64
6, 30992, Note_off_c, 2, 92, 64
6, 30996, Note_off_c, 2, 84, 64
6, 31036, Note_on_c, 2, 87, 102
6, 31036, Note_on_c, 2, 84, 96
6, 31040, Note_on_c, 2, 92, 98
6, 31056, Note_off_c, 2, 84, 64
6, 31060, Note_off_c, 2, 87, 64
6, 31060, Note_off_c, 2, 92, 64
6, 31100, Note_on_c, 2, 92, 99
6, 31100, Note_on_c, 2, 84, 96
6, 31104, Note_on_c, 2, 89, 97
6, 31124, Note_off_c, 2, 89, 64
6, 31126, Note_off_c, 2, 84, 64
6, 31132, Note_off_c, 2, 92, 64
6, 31168, Note_on_c, 2, 84, 92
6, 31168, Note_on_c, 2, 92, 93
6, 31168, Note_on_c, 2, 89, 93
6, 31188, Note_off_c, 2, 84, 64
6, 31188, Note_off_c, 2, 92, 64
6, 31188, Note_off_c, 2, 89, 64
6, 31228, Note_on_c, 2, 84, 96
6, 31228, Note_on_c, 2, 92, 96
6, 31228, Note_on_c, 2, 89, 96
6, 31244, Note_off_c, 2, 92, 64
6, 31244, Note_off_c, 2, 89, 64
6, 31248, Note_off_c, 2, 84, 64
6, 31292, Note_on_c, 2, 84, 113
6, 31292, Note_on_c, 2, 92, 117
6, 31292, Note_on_c, 2, 89, 121
6, 31316, Note_off_c, 2, 84, 64
6, 31316, Note_off_c, 2, 89, 64
6, 31318, Note_off_c, 2, 92, 64
6, 31356, Note_on_c, 2, 84, 95
6, 31356, Note_on_c, 2, 89, 95
6, 31356, Note_on_c, 2, 92, 96
6, 31380, Note_off_c, 2, 84, 64
6, 31380, Note_off_c, 2, 89, 64
6, 31380, Note_off_c, 2, 92, 64
6, 31420, Note_on_c, 2, 84, 98
6, 31420, Note_on_c, 2, 92, 102
6, 31420, Note_on_c, 2, 89, 102
6, 31432, Note_off_c, 2, 89, 64
6, 31438, Note_off_c, 2, 84, 64
6, 31438, Note_off_c, 2, 92, 64
6, 31484, Note_on_c, 2, 89, 105
6, 31484, Note_on_c, 2, 85, 105
6, 31488, Note_on_c, 2, 92, 83
6, 31496, Note_off_c, 2, 92, 64
6, 31510, Note_off_c, 2, 85, 64
6, 31510, Note_off_c, 2, 89, 64
6, 31548, Note_on_c, 2, 92, 97
6, 31548, Note_on_c, 2, 85, 95
6, 31548, Note_on_c, 2, 89, 86
6, 31564, Note_off_c, 2, 89, 64
6, 31572, Note_off_c, 2, 85, 64
6, 31574, Note_off_c, 2, 92, 64
6, 31612, Note_on_c, 2, 92, 105
6, 31612, Note_on_c, 2, 89, 100
6, 31616, Note_on_c, 2, 85, 99
6, 31632, Note_off_c, 2, 89, 64
6, 31638, Note_off_c, 2, 92, 64
6, 31640, Note_off_c, 2, 85, 64
6, 31680, Note_on_c, 2, 92, 113
6, 31680, Note_on_c, 2, 89, 113
6, 31680, Note_on_c, 2, 85, 105
6, 31704, Note_off_c, 2, 89, 64
6, 31704, Note_off_c, 2, 85, 64
6, 31706, Note_off_c, 2, 92, 64
6, 31744, Note_on_c, 2, 92, 105
6, 31744, Note_on_c, 2, 89, 104
6, 31744, Note_on_c, 2, 85, 97
6, 31760, Note_off_c, 2, 89, 64
6, 31762, Note_off_c, 2, 85, 64
6, 31764, Note_off_c, 2, 92, 64
6, 31808, Note_on_c, 2, 92, 106
6, 31808, Note_on_c, 2, 85, 99
6, 31808, Note_on_c, 2, 89, 102
6, 31820, Note_off_c, 2, 89, 64
6, 31824, Note_off_c, 2, 92, 64
6, 31826, Note_off_c, 2, 85, 64
6, 31872, Note_on_c, 2, 85, 93
6, 31872, Note_on_c, 2, 94, 96
6, 31872, Note_on_c, 2, 91, 88
6, 31892, Note_off_c, 2, 91, 64
6, 31896, Note_off_c, 2, 94, 64
6, 31898, Note_off_c, 2, 85, 64
6, 31936, Note_on_c, 2, 94, 96
6, 31936, Note_on_c, 2, 91, 86
6, 31936, Note_on_c, 2, 85, 87
6, 31954, Note_off_c, 2, 91, 64
6, 31954, Note_off_c, 2, 85, 64
6, 31956, Note_off_c, 2, 94, 64
6, 32000, Note_on_c, 2, 91, 110
6, 32000, Note_on_c, 2, 94, 107
6, 32000, Note_on_c, 2, 85, 102
6, 32020, Note_off_c, 2, 91, 64
6, 32020, Note_off_c, 2, 94, 64
6, 32024, Note_off_c, 2, 85, 64
6, 32064, Note_on_c, 2, 94, 108
6, 32064, Note_on_c, 2, 91, 117
6, 32064, Note_on_c, 2, 85, 106
6, 32084, Note_off_c, 2, 91, 64
6, 32090, Note_off_c, 2, 85, 64
6, 32092, Note_off_c, 2, 94, 64
6, 32128, Note_on_c, 2, 94, 107
6, 32128, Note_on_c, 2, 91, 110
6, 32128, Note_on_c, 2, 85, 100
6, 32144, Note_off_c, 2, 91, 64
6, 32146, Note_off_c, 2, 85, 64
6, 32152, Note_off_c, 2, 94, 64
6, 32192, Note_on_c, 2, 94, 106
6, 32192, Note_on_c, 2, 91, 111
6, 32192, Note_on_c, 2, 85, 96
6, 32208, Note_off_c, 2, 94, 64
6, 32208, Note_off_c, 2, 91, 64
6, 32210, Note_off_c, 2, 85, 64
6, 32256, Note_on_c, 2, 92, 111
6, 32256, Note_on_c, 2, 84, 113
6, 32256, Note_on_c, 2, 87, 118
6, 32282, Note_off_c, 2, 87, 64
6, 32288, Note_off_c, 2, 92, 64
6, 32288, Note_off_c, 2, 84, 64
6, 32320, Note_on_c, 2, 84, 93
6, 32320, Note_on_c, 2, 92, 91
6, 32320, Note_on_c, 2, 87, 94
6, 32336, Note_off_c, 2, 87, 64
6, 32338, Note_off_c, 2, 92, 64
6, 32340, Note_off_c, 2, 84, 64
6, 32384, Note_on_c, 2, 84, 89
6, 32384, Note_on_c, 2, 92, 93
6, 32384, Note_on_c, 2, 87, 89
6, 32396, Note_off_c, 2, 87, 64
6, 32402, Note_off_c, 2, 84, 64
6, 32402, Note_off_c, 2, 92, 64
6, 32448, Note_on_c, 2, 92, 113
6, 32448, Note_on_c, 2, 84, 113
6, 32448, Note_on_c, 2, 87, 117
6, 32472, Note_off_c, 2, 87, 64
6, 32474, Note_off_c, 2, 84, 64
6, 32482, Note_off_c, 2, 92, 64
6, 32512, Note_on_c, 2, 84, 91
6, 32512, Note_on_c, 2, 87, 88
6, 32512, Note_on_c, 2, 92, 88
6, 32528, Note_off_c, 2, 87, 64
6, 32528, Note_off_c, 2, 92, 64
6, 32532, Note_off_c, 2, 84, 64
6, 32572, Note_on_c, 2, 87, 102
6, 32572, Note_on_c, 2, 84, 96
6, 32576, Note_on_c, 2, 92, 98
6, 32592, Note_off_c, 2, 84, 64
6, 32596, Note_off_c, 2, 87, 64
6, 32596, Note_off_c, 2, 92, 64
6, 32636, Note_on_c, 2, 92, 99
6, 32636, Note_on_c, 2, 84, 96
6, 32640, Note_on_c, 2, 89, 97
6, 32660, Note_off_c, 2, 89, 64
6, 32662, Note_off_c, 2, 84, 64
6, 32668, Note_off_c, 2, 92, 64
6, 32704, Note_on_c, 2, 84, 92
6, 32704, Note_on_c, 2, 92, 93
6, 32704, Note_on_c, 2, 89, 93
6, 32724, Note_off_c, 2, 84, 64
6, 32724, Note_off_c, 2, 92, 64
6, 32724, Note_off_c, 2, 89, 64
6, 32764, Note_on_c, 2, 84, 96
6, 32764, Note_on_c, 2, 92, 96
6, 32764, Note_on_c, 2, 89, 96
6, 32780, Note_off_c, 2, 92, 64
6, 32780, Note_off_c, 2, 89, 64
6, 32784, Note_off_c, 2, 84, 64
6, 32828, Note_on_c, 2, 84, 113
6, 32828, Note_on_c, 2, 92, 117
6, 32828, Note_on_c, 2, 89, 121
6, 32852, Note_off_c, 2, 84, 64
6, 32852, Note_off_c, 2, 89, 64
6, 32854, Note_off_c, 2, 92, 64
6, 32892, Note_on_c, 2, 84, 95
6, 32892, Note_on_c, 2, 89, 95
6, 32892, Note_on_c, 2, 92, 96
6, 32916, Note_off_c, 2, 84, 64
6, 32916, Note_off_c, 2, 89, 64
6, 32916, Note_off_c, 2, 92, 64
6, 32956, Note_on_c, 2, 84, 98
6, 32956, Note_on_c, 2, 92, 102
6, 32956, Note_on_c, 2, 89, 102
6, 32968, Note_off_c, 2, 89, 64
6, 32974, Note_off_c, 2, 84, 64
6, 32974, Note_off_c, 2, 92, 64
6, 33020, Note_on_c, 2, 85, 105
6, 33020, Note_on_c, 2, 89, 105
6, 33024, Note_on_c, 2, 92, 83
6, 33784, Note_off_c, 2, 89, 64
6, 33784, Note_off_c, 2, 85, 64
6, 33788, Note_off_c, 2, 92, 64
6, 34560, Note_on_c, 2, 92, 111
6, 34560, Note_on_c, 2, 84, 113
6, 34560, Note_on_c, 2, 87, 118
6, 34586, Note_off_c, 2, 87, 64
6, 34592, Note_off_c, 2, 92, 64
6, 34592, Note_off_c, 2, 84, 64
6, 34624, Note_on_c, 2, 84, 93
6, 34624, Note_on_c, 2, 92, 91
6, 34624, Note_on_c, 2, 87, 94
6, 34640, Note_off_c, 2, 87, 64
6, 34642, Note_off_c, 2, 92, 64
6, 34644, Note_off_c, 2, 84, 64
6, 34688, Note_on_c, 2, 84, 89
6, 34688, Note_on_c, 2, 92, 93
6, 34688, Note_on_c, 2, 87, 89
6, 34700, Note_off_c, 2, 87, 64
6, 34706, Note_off_c, 2, 84, 64
6, 34706, Note_off_c, 2, 92, 64
6, 34752, Note_on_c, 2, 92, 113
6, 34752, Note_on_c, 2, 84, 113
6, 34752, Note_on_c, 2, 87, 117
6, 34776, Note_off_c, 2, 87, 64
6, 34778, Note_off_c, 2, 84, 64
6, 34786, Note_off_c, 2, 92, 64
6, 34816, Note_on_c, 2, 84, 91
6, 34816, Note_on_c, 2, 87, 88
6, 34816, Note_on_c, 2, 92, 88
6, 34832, Note_off_c, 2, 87, 64
6, 34832, Note_off_c, 2, 92, 64
6, 34836, Note_off_c, 2, 84, 64
6, 34876, Note_on_c, 2, 87, 102
6, 34876, Note_on_c, 2, 84, 96
6, 34880, Note_on_c, 2, 92, 98
6, 34896, Note_off_c, 2, 84, 64
6, 34900, Note_off_c, 2, 87, 64
6, 34900, Note_off_c, 2, 92, 64
6, 34940, Note_on_c, 2, 92, 99
6, 34940, Note_on_c, 2, 84, 96
6, 34944, Note_on_c, 2, 89, 97
6, 34964, Note_off_c, 2, 89, 64
6, 34966, Note_off_c, 2, 84, 64
6, 34972, Note_off_c, 2, 92, 64
6, 35008, Note_on_c, 2, 84, 92
6, 35008, Note_on_c, 2, 92, 93
6, 35008, Note_on_c, 2, 89, 93
6, 35028, Note_off_c, 2, 84, 64
6, 35028, Note_off_c, 2, 92, 64
6, 35028, Note_off_c, 2, 89, 64
6, 35068, Note_on_c, 2, 84, 96
6, 35068, Note_on_c, 2, 92, 96
6, 35068, Note_on_c, 2, 89, 96
6, 35084, Note_off_c, 2, 92, 64
6, 35084, Note_off_c, 2, 89, 64
6, 35088, Note_off_c, 2, 84, 64
6, 35132, Note_on_c, 2, 84, 113
6, 35132, Note_on_c, 2, 92, 117
6, 35132, Note_on_c, 2, 89, 121
6, 35156, Note_off_c, 2, 84, 64
6, 35156, Note_off_c, 2, 89, 64
6, 35158, Note_off_c, 2, 92, 64
6, 35196, Note_on_c, 2, 84, 95
6, 35196, Note_on_c, 2, 89, 95
6, 35196, Note_on_c, 2, 92, 96
6, 35220, Note_off_c, 2, 84, 64
6, 35220, Note_off_c, 2, 89, 64
6, 35220, Note_off_c, 2, 92, 64
6, 35260, Note_on_c, 2, 84, 98
6, 35260, Note_on_c, 2, 92, 102
6, 35260, Note_on_c, 2, 89, 102
6, 35272, Note_off_c, 2, 89, 64
6, 35278, Note_off_c, 2, 84, 64
6, 35278, Note_off_c, 2, 92, 64
6, 35328, Note_on_c, 2, 92, 111
6, 35328, Note_on_c, 2, 85, 113
6, 35328, Note_on_c, 2, 89, 97
6, 35348, Note_off_c, 2, 89, 64
6, 35360, Note_off_c, 2, 92, 64
6, 35360, Note_off_c, 2, 85, 64
6, 35392, Note_on_c, 2, 85, 92
6, 35392, Note_on_c, 2, 92, 93
6, 35392, Note_on_c, 2, 89, 93
6, 35412, Note_off_c, 2, 85, 64
6, 35412, Note_off_c, 2, 92, 64
6, 35412, Note_off_c, 2, 89, 64
6, 35452, Note_on_c, 2, 92, 96
6, 35452, Note_on_c, 2, 89, 96
6, 35456, Note_on_c, 2, 85, 96
6, 35468, Note_off_c, 2, 92, 64
6, 35468, Note_off_c, 2, 89, 64
6, 35476, Note_off_c, 2, 85, 64
6, 35516, Note_on_c, 2, 85, 113
6, 35516, Note_on_c, 2, 92, 117
6, 35516, Note_on_c, 2, 89, 121
6, 35540, Note_off_c, 2, 85, 64
6, 35540, Note_off_c, 2, 89, 64
6, 35542, Note_off_c, 2, 92, 64
6, 35580, Note_on_c, 2, 85, 95
6, 35580, Note_on_c, 2, 89, 95
6, 35580, Note_on_c, 2, 92, 96
6, 35604, Note_off_c, 2, 85, 64
6, 35604, Note_off_c, 2, 89, 64
6, 35604, Note_off_c, 2, 92, 64
6, 35644, Note_on_c, 2, 85, 98
6, 35644, Note_on_c, 2, 92, 102
6, 35644, Note_on_c, 2, 89, 102
6, 35656, Note_off_c, 2, 89, 64
6, 35662, Note_off_c, 2, 85, 64
6, 35662, Note_off_c, 2, 92, 64
6, 35712, Note_on_c, 2, 91, 105
6, 35712, Note_on_c, 2, 88, 105
6, 35712, Note_on_c, 2, 85, 105
6, 35712, Note_on_c, 2, 94, 83
6, 36092, Note_off_c, 2, 91, 64
6, 36092, Note_off_c, 2, 88, 64
6, 36092, Note_off_c, 2, 85, 64
6, 36092, Note_off_c, 2, 94, 64
6, 36098, Note_on_c, 2, 87, 122
6, 36098, Note_on_c, 2, 92, 116
6, 36100, Note_on_c, 2, 84, 109
6, 36100, Note_on_c, 2, 89, 115
6, 37020, Note_off_c, 2, 84, 64
6, 37022, Note_off_c, 2, 89, 64
6, 37022, Note_off_c, 2, 92, 64
6, 37022, Note_off_c, 2, 87, 64
6, 37022, End_track
7, 0, Start_track
7, 0, MIDI_port, 0
7, 0, Title_t, "PUT YOUR HEAD ON  4 "
7, 226, Program_c, 3, 75
7, 228, Control_c, 3, 7, 100
7, 228, Control_c, 3, 10, 64
7, 228, Control_c, 3, 11, 127
7, 230, Control_c, 3, 91, 60
7, 230, Control_c, 3, 93, 20
7, 3264, Note_on_c, 3, 71, 108
7, 3266, Control_c, 3, 1, 0
7, 3266, Pitch_bend_c, 3, 8192
7, 3384, Note_off_c, 3, 71, 64
7, 3388, Note_on_c, 3, 72, 104
7, 3452, Note_off_c, 3, 72, 64
7, 3456, Note_on_c, 3, 74, 99
7, 3576, Note_off_c, 3, 74, 64
7, 3584, Note_on_c, 3, 71, 99
7, 3704, Note_off_c, 3, 71, 64
7, 3712, Note_on_c, 3, 74, 106
7, 3824, Note_off_c, 3, 74, 64
7, 3836, Note_on_c, 3, 78, 101
7, 4216, Note_off_c, 3, 78, 64
7, 4224, Note_on_c, 3, 78, 94
7, 4284, Note_off_c, 3, 78, 64
7, 4288, Note_on_c, 3, 76, 91
7, 4674, Note_off_c, 3, 76, 64
7, 4796, Note_on_c, 3, 72, 106
7, 4918, Note_off_c, 3, 72, 64
7, 4928, Note_on_c, 3, 74, 108
7, 4984, Note_off_c, 3, 74, 64
7, 4992, Note_on_c, 3, 72, 94
7, 5048, Note_off_c, 3, 72, 64
7, 5052, Note_on_c, 3, 71, 108
7, 5112, Note_off_c, 3, 71, 64
7, 5116, Note_on_c, 3, 69, 104
7, 5428, Note_off_c, 3, 69, 64
7, 5568, Note_on_c, 3, 71, 114
7, 5752, Note_off_c, 3, 71, 64
7, 5760, Note_on_c, 3, 64, 102
7, 6130, Note_off_c, 3, 64, 64
7, 6332, Note_on_c, 3, 72, 102
7, 6456, Note_off_c, 3, 72, 64
7, 6460, Note_on_c, 3, 74, 94
7, 6524, Note_off_c, 3, 74, 64
7, 6528, Note_on_c, 3, 72, 99
7, 6648, Note_off_c, 3, 72, 64
7, 6656, Note_on_c, 3, 71, 97
7, 6714, Note_off_c, 3, 71, 64
7, 6722, Note_on_c, 3, 69, 106
7, 6962, Note_off_c, 3, 69, 64
7, 7104, Note_on_c, 3, 71, 106
7, 7288, Note_off_c, 3, 71, 64
7, 7296, Note_on_c, 3, 64, 96
7, 7672, Note_off_c, 3, 64, 64
7, 7866, Note_on_c, 3, 69, 114
7, 7994, Note_off_c, 3, 69, 64
7, 8000, Note_on_c, 3, 71, 116
7, 8066, Note_off_c, 3, 71, 64
7, 8066, Note_on_c, 3, 69, 104
7, 8374, Note_off_c, 3, 69, 64
7, 8384, Note_on_c, 3, 67, 88
7, 8442, Note_off_c, 3, 67, 64
7, 8450, Note_on_c, 3, 71, 104
7, 9284, Note_off_c, 3, 71, 64
7, 9408, Note_on_c, 3, 71, 108
7, 9528, Note_off_c, 3, 71, 64
7, 9532, Note_on_c, 3, 72, 104
7, 9596, Note_off_c, 3, 72, 64
7, 9600, Note_on_c, 3, 74, 99
7, 9720, Note_off_c, 3, 74, 64
7, 9728, Note_on_c, 3, 71, 99
7, 9848, Note_off_c, 3, 71, 64
7, 9856, Note_on_c, 3, 74, 106
7, 9968, Note_off_c, 3, 74, 64
7, 9980, Note_on_c, 3, 78, 101
7, 10360, Note_off_c, 3, 78, 64
7, 10368, Note_on_c, 3, 78, 96
7, 10428, Note_off_c, 3, 78, 64
7, 10432, Note_on_c, 3, 76, 91
7, 10818, Note_off_c, 3, 76, 64
7, 10940, Note_on_c, 3, 72, 106
7, 11062, Note_off_c, 3, 72, 64
7, 11072, Note_on_c, 3, 74, 94
7, 11128, Note_off_c, 3, 74, 64
7, 11136, Note_on_c, 3, 72, 100
7, 11260, Note_off_c, 3, 72, 64
7, 11264, Note_on_c, 3, 71, 93
7, 11324, Note_off_c, 3, 71, 64
7, 11328, Note_on_c, 3, 69, 104
7, 11640, Note_off_c, 3, 69, 64
7, 11712, Note_on_c, 3, 71, 114
7, 11896, Note_off_c, 3, 71, 64
7, 11904, Note_on_c, 3, 64, 102
7, 12274, Note_off_c, 3, 64, 64
7, 12476, Note_on_c, 3, 72, 102
7, 12600, Note_off_c, 3, 72, 64
7, 12604, Note_on_c, 3, 74, 94
7, 12668, Note_off_c, 3, 74, 64
7, 12672, Note_on_c, 3, 72, 99
7, 12792, Note_off_c, 3, 72, 64
7, 12800, Note_on_c, 3, 71, 97
7, 12858, Note_off_c, 3, 71, 64
7, 12866, Note_on_c, 3, 69, 106
7, 13106, Note_off_c, 3, 69, 64
7, 13248, Note_on_c, 3, 71, 106
7, 13432, Note_off_c, 3, 71, 64
7, 13440, Note_on_c, 3, 64, 96
7, 13816, Note_off_c, 3, 64, 64
7, 14010, Note_on_c, 3, 69, 114
7, 14138, Note_off_c, 3, 69, 64
7, 14144, Note_on_c, 3, 71, 116
7, 14210, Note_off_c, 3, 71, 64
7, 14210, Note_on_c, 3, 69, 109
7, 14334, Note_off_c, 3, 69, 64
7, 14336, Note_on_c, 3, 67, 98
7, 14400, Note_on_c, 3, 66, 100
7, 14402, Note_off_c, 3, 67, 64
7, 14524, Note_off_c, 3, 66, 64
7, 14528, Note_on_c, 3, 69, 98
7, 14586, Note_off_c, 3, 69, 64
7, 14594, Note_on_c, 3, 67, 97
7, 14718, Note_off_c, 3, 67, 64
7, 16128, Note_on_c, 3, 69, 110
7, 16236, Note_off_c, 3, 69, 64
7, 16250, Note_on_c, 3, 69, 106
7, 16500, Note_off_c, 3, 69, 64
7, 16512, Note_on_c, 3, 69, 107
7, 16824, Note_off_c, 3, 69, 64
7, 16832, Note_on_c, 3, 67, 95
7, 16890, Note_off_c, 3, 67, 64
7, 16896, Note_on_c, 3, 71, 106
7, 17204, Note_off_c, 3, 71, 64
7, 17216, Note_on_c, 3, 71, 91
7, 17268, Note_off_c, 3, 71, 64
7, 17282, Note_on_c, 3, 71, 100
7, 17548, Note_off_c, 3, 71, 64
7, 17596, Note_on_c, 3, 71, 102
7, 17660, Note_off_c, 3, 71, 64
7, 17664, Note_on_c, 3, 71, 114
7, 17720, Note_off_c, 3, 71, 64
7, 17724, Note_on_c, 3, 69, 102
7, 17972, Note_off_c, 3, 69, 64
7, 17980, Note_on_c, 3, 69, 97
7, 18040, Note_off_c, 3, 69, 64
7, 18048, Note_on_c, 3, 69, 107
7, 18360, Note_off_c, 3, 69, 64
7, 18368, Note_on_c, 3, 67, 88
7, 18424, Note_off_c, 3, 67, 64
7, 18432, Note_on_c, 3, 71, 108
7, 19112, Note_off_c, 3, 71, 64
7, 19136, Note_on_c, 3, 71, 104
7, 19188, Note_off_c, 3, 71, 64
7, 19200, Note_on_c, 3, 73, 109
7, 19512, Note_off_c, 3, 73, 64
7, 19520, Note_on_c, 3, 73, 96
7, 19576, Note_off_c, 3, 73, 64
7, 19586, Note_on_c, 3, 73, 105
7, 19890, Note_off_c, 3, 73, 64
7, 19904, Note_on_c, 3, 73, 95
7, 19962, Note_off_c, 3, 73, 64
7, 19968, Note_on_c, 3, 74, 108
7, 20148, Note_off_c, 3, 74, 64
7, 20160, Note_on_c, 3, 74, 108
7, 20248, Note_off_c, 3, 74, 64
7, 20256, Note_on_c, 3, 76, 97
7, 20340, Note_off_c, 3, 76, 64
7, 20352, Note_on_c, 3, 76, 105
7, 20408, Note_off_c, 3, 76, 64
7, 20412, Note_on_c, 3, 74, 100
7, 20660, Note_off_c, 3, 74, 64
7, 20668, Note_on_c, 3, 74, 103
7, 20732, Note_off_c, 3, 74, 64
7, 20736, Note_on_c, 3, 76, 110
7, 20916, Note_off_c, 3, 76, 64
7, 20924, Note_on_c, 3, 76, 110
7, 21104, Note_off_c, 3, 76, 64
7, 21116, Note_on_c, 3, 76, 110
7, 21238, Note_off_c, 3, 76, 64
7, 21244, Note_on_c, 3, 74, 107
7, 21428, Note_off_c, 3, 74, 64
7, 21440, Note_on_c, 3, 76, 105
7, 21498, Note_off_c, 3, 76, 64
7, 21506, Note_on_c, 3, 78, 118
7, 22386, Note_off_c, 3, 78, 64
7, 22464, Note_on_c, 3, 71, 108
7, 22584, Note_off_c, 3, 71, 64
7, 22588, Note_on_c, 3, 72, 104
7, 22652, Note_off_c, 3, 72, 64
7, 22656, Note_on_c, 3, 74, 99
7, 22776, Note_off_c, 3, 74, 64
7, 22784, Note_on_c, 3, 71, 99
7, 22904, Note_off_c, 3, 71, 64
7, 22912, Note_on_c, 3, 74, 106
7, 23024, Note_off_c, 3, 74, 64
7, 23036, Note_on_c, 3, 78, 101
7, 23288, Note_off_c, 3, 78, 64
7, 23296, Note_on_c, 3, 78, 101
7, 23420, Note_off_c, 3, 78, 64
7, 23424, Note_on_c, 3, 76, 97
7, 23868, Note_off_c, 3, 76, 64
7, 23996, Note_on_c, 3, 72, 106
7, 24118, Note_off_c, 3, 72, 64
7, 24128, Note_on_c, 3, 74, 108
7, 24252, Note_off_c, 3, 74, 64
7, 24256, Note_on_c, 3, 72, 94
7, 24312, Note_off_c, 3, 72, 64
7, 24320, Note_on_c, 3, 71, 108
7, 24380, Note_off_c, 3, 71, 64
7, 24384, Note_on_c, 3, 69, 104
7, 24696, Note_off_c, 3, 69, 64
7, 24768, Note_on_c, 3, 71, 114
7, 24952, Note_off_c, 3, 71, 64
7, 24960, Note_on_c, 3, 64, 102
7, 25330, Note_off_c, 3, 64, 64
7, 25532, Note_on_c, 3, 72, 102
7, 25656, Note_off_c, 3, 72, 64
7, 25660, Note_on_c, 3, 74, 94
7, 25724, Note_off_c, 3, 74, 64
7, 25728, Note_on_c, 3, 72, 99
7, 25848, Note_off_c, 3, 72, 64
7, 25856, Note_on_c, 3, 71, 97
7, 25914, Note_off_c, 3, 71, 64
7, 25922, Note_on_c, 3, 69, 106
7, 26162, Note_off_c, 3, 69, 64
7, 26304, Note_on_c, 3, 71, 106
7, 26488, Note_off_c, 3, 71, 64
7, 26496, Note_on_c, 3, 64, 96
7, 26872, Note_off_c, 3, 64, 64
7, 27066, Note_on_c, 3, 69, 114
7, 27194, Note_off_c, 3, 69, 64
7, 27200, Note_on_c, 3, 71, 116
7, 27324, Note_off_c, 3, 71, 64
7, 27328, Note_on_c, 3, 69, 104
7, 27388, Note_off_c, 3, 69, 64
7, 27392, Note_on_c, 3, 67, 88
7, 27450, Note_off_c, 3, 67, 64
7, 27456, Note_on_c, 3, 66, 88
7, 27580, Note_off_c, 3, 66, 64
7, 27584, Note_on_c, 3, 69, 88
7, 27642, Note_off_c, 3, 69, 64
7, 27648, Note_on_c, 3, 69, 106
7, 27708, Note_off_c, 3, 69, 64
7, 27712, Note_on_c, 3, 67, 91
7, 28546, Note_off_c, 3, 67, 64
7, 28608, Note_on_c, 3, 72, 108
7, 28728, Note_off_c, 3, 72, 64
7, 28732, Note_on_c, 3, 73, 104
7, 28796, Note_off_c, 3, 73, 64
7, 28800, Note_on_c, 3, 75, 99
7, 28920, Note_off_c, 3, 75, 64
7, 28928, Note_on_c, 3, 72, 99
7, 29048, Note_off_c, 3, 72, 64
7, 29056, Note_on_c, 3, 75, 106
7, 29168, Note_off_c, 3, 75, 64
7, 29180, Note_on_c, 3, 79, 101
7, 29560, Note_off_c, 3, 79, 64
7, 29568, Note_on_c, 3, 79, 96
7, 29628, Note_off_c, 3, 79, 64
7, 29632, Note_on_c, 3, 77, 91
7, 30018, Note_off_c, 3, 77, 64
7, 30140, Note_on_c, 3, 73, 106
7, 30262, Note_off_c, 3, 73, 64
7, 30272, Note_on_c, 3, 75, 94
7, 30328, Note_off_c, 3, 75, 64
7, 30336, Note_on_c, 3, 73, 100
7, 30460, Note_off_c, 3, 73, 64
7, 30464, Note_on_c, 3, 72, 93
7, 30524, Note_off_c, 3, 72, 64
7, 30528, Note_on_c, 3, 70, 104
7, 30840, Note_off_c, 3, 70, 64
7, 30912, Note_on_c, 3, 72, 114
7, 31096, Note_off_c, 3, 72, 64
7, 31104, Note_on_c, 3, 65, 102
7, 31474, Note_off_c, 3, 65, 64
7, 31676, Note_on_c, 3, 73, 102
7, 31800, Note_off_c, 3, 73, 64
7, 31804, Note_on_c, 3, 75, 94
7, 31868, Note_off_c, 3, 75, 64
7, 31872, Note_on_c, 3, 73, 99
7, 31992, Note_off_c, 3, 73, 64
7, 32000, Note_on_c, 3, 72, 97
7, 32058, Note_off_c, 3, 72, 64
7, 32066, Note_on_c, 3, 70, 106
7, 32306, Note_off_c, 3, 70, 64
7, 32448, Note_on_c, 3, 72, 106
7, 32632, Note_off_c, 3, 72, 64
7, 32640, Note_on_c, 3, 65, 96
7, 33016, Note_off_c, 3, 65, 64
7, 33408, Note_on_c, 3, 70, 114
7, 33596, Note_off_c, 3, 70, 64
7, 33600, Note_on_c, 3, 72, 116
7, 33788, Note_off_c, 3, 72, 64
7, 33792, Note_on_c, 3, 70, 109
7, 33916, Note_off_c, 3, 70, 64
7, 33920, Note_on_c, 3, 67, 98
7, 34364, Note_off_c, 3, 67, 64
7, 34368, Note_on_c, 3, 70, 98
7, 34556, Note_off_c, 3, 70, 64
7, 34560, Note_on_c, 3, 70, 97
7, 34748, Note_off_c, 3, 70, 64
7, 34752, Note_on_c, 3, 68, 97
7, 35056, Note_off_c, 3, 68, 64
7, 35056, End_track
8, 0, Start_track
8, 0, MIDI_port, 0
8, 0, Title_t, "PUT YOUR HEAD ON  5 "
8, 236, Program_c, 4, 75
8, 238, Control_c, 4, 7, 80
8, 238, Control_c, 4, 10, 55
8, 238, Control_c, 4, 11, 127
8, 240, Control_c, 4, 91, 70
8, 240, Control_c, 4, 93, 30
8, 768, Note_on_c, 4, 67, 35
8, 768, Note_on_c, 4, 74, 44
8, 768, Note_on_c, 4, 71, 38
8, 770, Control_c, 4, 1, 0
8, 770, Pitch_bend_c, 4, 8192
8, 1276, Note_off_c, 4, 67, 64
8, 1276, Note_off_c, 4, 74, 64
8, 1276, Note_off_c, 4, 71, 64
8, 1280, Note_on_c, 4, 71, 34
8, 1280, Note_on_c, 4, 74, 38
8, 1280, Note_on_c, 4, 67, 33
8, 1340, Note_off_c, 4, 71, 64
8, 1340, Note_off_c, 4, 74, 64
8, 1340, Note_off_c, 4, 67, 64
8, 1344, Note_on_c, 4, 78, 41
8, 1344, Note_on_c, 4, 74, 42
8, 1344, Note_on_c, 4, 71, 39
8, 1404, Note_off_c, 4, 78, 64
8, 1404, Note_off_c, 4, 74, 64
8, 1404, Note_off_c, 4, 71, 64
8, 1408, Note_on_c, 4, 67, 36
8, 1408, Note_on_c, 4, 74, 40
8, 1408, Note_on_c, 4, 71, 34
8, 1468, Note_off_c, 4, 67, 64
8, 1468, Note_off_c, 4, 74, 64
8, 1468, Note_off_c, 4, 71, 64
8, 1472, Note_on_c, 4, 71, 37
8, 1472, Note_on_c, 4, 74, 40
8, 1472, Note_on_c, 4, 78, 42
8, 1532, Note_off_c, 4, 71, 64
8, 1532, Note_off_c, 4, 74, 64
8, 1532, Note_off_c, 4, 78, 64
8, 1536, Note_on_c, 4, 67, 39
8, 1536, Note_on_c, 4, 76, 44
8, 1536, Note_on_c, 4, 72, 40
8, 1916, Note_off_c, 4, 67, 64
8, 1916, Note_off_c, 4, 76, 64
8, 1916, Note_off_c, 4, 72, 64
8, 1920, Note_on_c, 4, 66, 35
8, 1920, Note_on_c, 4, 75, 41
8, 1920, Note_on_c, 4, 72, 43
8, 2300, Note_off_c, 4, 66, 64
8, 2300, Note_off_c, 4, 75, 64
8, 2300, Note_off_c, 4, 72, 64
8, 2304, Note_on_c, 4, 74, 40
8, 2304, Note_on_c, 4, 67, 42
8, 2304, Note_on_c, 4, 71, 40
8, 2556, Note_off_c, 4, 67, 64
8, 2556, Note_off_c, 4, 71, 64
8, 2560, Note_off_c, 4, 74, 64
8, 2560, Note_on_c, 4, 71, 35
8, 2560, Note_on_c, 4, 62, 35
8, 2560, Note_on_c, 4, 67, 43
8, 2620, Note_off_c, 4, 71, 64
8, 2620, Note_off_c, 4, 62, 64
8, 2620, Note_off_c, 4, 67, 64
8, 2624, Note_on_c, 4, 74, 40
8, 2624, Note_on_c, 4, 71, 40
8, 2624, Note_on_c, 4, 67, 40
8, 2684, Note_off_c, 4, 74, 64
8, 2684, Note_off_c, 4, 71, 64
8, 2684, Note_off_c, 4, 67, 64
8, 2688, Note_on_c, 4, 76, 39
8, 2688, Note_on_c, 4, 72, 39
8, 2688, Note_on_c, 4, 67, 36
8, 2940, Note_off_c, 4, 76, 64
8, 2940, Note_off_c, 4, 72, 64
8, 2940, Note_off_c, 4, 67, 64
8, 2944, Note_on_c, 4, 64, 35
8, 2944, Note_on_c, 4, 72, 34
8, 2944, Note_on_c, 4, 69, 36
8, 3004, Note_off_c, 4, 64, 64
8, 3004, Note_off_c, 4, 72, 64
8, 3004, Note_off_c, 4, 69, 64
8, 3008, Note_on_c, 4, 76, 40
8, 3008, Note_on_c, 4, 72, 42
8, 3008, Note_on_c, 4, 67, 40
8, 3068, Note_off_c, 4, 76, 64
8, 3068, Note_off_c, 4, 72, 64
8, 3068, Note_off_c, 4, 67, 64
8, 3072, Note_on_c, 4, 74, 43
8, 3072, Note_on_c, 4, 71, 40
8, 3072, Note_on_c, 4, 67, 39
8, 3132, Note_off_c, 4, 74, 64
8, 3132, Note_off_c, 4, 71, 64
8, 3132, Note_off_c, 4, 67, 64
8, 5568, Note_on_c, 4, 43, 44
8, 5568, Note_on_c, 4, 67, 94
8, 5568, Note_on_c, 4, 62, 91
8, 5568, Note_on_c, 4, 59, 74
8, 5756, Note_off_c, 4, 43, 64
8, 5756, Note_off_c, 4, 67, 64
8, 5756, Note_off_c, 4, 62, 64
8, 5756, Note_off_c, 4, 59, 64
8, 5760, Note_on_c, 4, 40, 39
8, 5760, Note_on_c, 4, 55, 73
8, 5760, Note_on_c, 4, 59, 73
8, 5760, Note_on_c, 4, 64, 79
8, 6144, Note_off_c, 4, 40, 64
8, 6144, Note_off_c, 4, 55, 64
8, 6144, Note_off_c, 4, 59, 64
8, 6144, Note_off_c, 4, 64, 64
8, 7104, Note_on_c, 4, 43, 34
8, 7104, Note_on_c, 4, 59, 74
8, 7104, Note_on_c, 4, 62, 91
8, 7104, Note_on_c, 4, 67, 94
8, 7292, Note_off_c, 4, 43, 64
8, 7292, Note_off_c, 4, 59, 64
8, 7292, Note_off_c, 4, 62, 64
8, 7292, Note_off_c, 4, 67, 64
8, 7296, Note_on_c, 4, 40, 33
8, 7296, Note_on_c, 4, 55, 73
8, 7296, Note_on_c, 4, 59, 73
8, 7296, Note_on_c, 4, 64, 79
8, 7680, Note_off_c, 4, 40, 64
8, 7680, Note_off_c, 4, 55, 64
8, 7680, Note_off_c, 4, 59, 64
8, 7680, Note_off_c, 4, 64, 64
8, 8462, Note_on_c, 4, 67, 90
8, 8462, Note_on_c, 4, 74, 94
8, 8462, Note_on_c, 4, 71, 87
8, 8702, Note_off_c, 4, 67, 64
8, 8702, Note_off_c, 4, 71, 64
8, 8704, Note_on_c, 4, 62, 88
8, 8704, Note_on_c, 4, 71, 84
8, 8704, Note_on_c, 4, 67, 91
8, 8714, Note_off_c, 4, 74, 64
8, 8764, Note_off_c, 4, 62, 64
8, 8764, Note_off_c, 4, 71, 64
8, 8764, Note_off_c, 4, 67, 64
8, 8768, Note_on_c, 4, 74, 98
8, 8768, Note_on_c, 4, 71, 95
8, 8768, Note_on_c, 4, 67, 98
8, 8828, Note_off_c, 4, 74, 64
8, 8828, Note_off_c, 4, 71, 64
8, 8828, Note_off_c, 4, 67, 64
8, 8832, Note_on_c, 4, 76, 91
8, 8832, Note_on_c, 4, 71, 80
8, 8832, Note_on_c, 4, 67, 87
8, 9084, Note_off_c, 4, 76, 64
8, 9084, Note_off_c, 4, 71, 64
8, 9084, Note_off_c, 4, 67, 64
8, 9088, Note_on_c, 4, 67, 88
8, 9088, Note_on_c, 4, 71, 80
8, 9088, Note_on_c, 4, 64, 80
8, 9148, Note_off_c, 4, 67, 64
8, 9148, Note_off_c, 4, 71, 64
8, 9148, Note_off_c, 4, 64, 64
8, 9152, Note_on_c, 4, 76, 97
8, 9152, Note_on_c, 4, 67, 95
8, 9152, Note_on_c, 4, 71, 92
8, 9212, Note_off_c, 4, 76, 64
8, 9212, Note_off_c, 4, 67, 64
8, 9212, Note_off_c, 4, 71, 64
8, 9216, Note_on_c, 4, 74, 108
8, 9216, Note_on_c, 4, 71, 94
8, 9216, Note_on_c, 4, 67, 104
8, 9340, Note_off_c, 4, 74, 64
8, 9340, Note_off_c, 4, 71, 64
8, 9340, Note_off_c, 4, 67, 64
8, 11712, Note_on_c, 4, 43, 34
8, 11712, Note_on_c, 4, 59, 74
8, 11712, Note_on_c, 4, 62, 91
8, 11712, Note_on_c, 4, 67, 94
8, 11900, Note_off_c, 4, 43, 64
8, 11900, Note_off_c, 4, 59, 64
8, 11900, Note_off_c, 4, 62, 64
8, 11900, Note_off_c, 4, 67, 64
8, 11904, Note_on_c, 4, 40, 33
8, 11904, Note_on_c, 4, 55, 73
8, 11904, Note_on_c, 4, 59, 73
8, 11904, Note_on_c, 4, 64, 79
8, 12288, Note_off_c, 4, 40, 64
8, 12288, Note_off_c, 4, 55, 64
8, 12288, Note_off_c, 4, 59, 64
8, 12288, Note_off_c, 4, 64, 64
8, 13248, Note_on_c, 4, 43, 34
8, 13248, Note_on_c, 4, 59, 74
8, 13248, Note_on_c, 4, 62, 91
8, 13248, Note_on_c, 4, 67, 94
8, 13436, Note_off_c, 4, 43, 64
8, 13436, Note_off_c, 4, 59, 64
8, 13436, Note_off_c, 4, 62, 64
8, 13436, Note_off_c, 4, 67, 64
8, 13440, Note_on_c, 4, 40, 33
8, 13440, Note_on_c, 4, 55, 73
8, 13440, Note_on_c, 4, 59, 73
8, 13440, Note_on_c, 4, 64, 79
8, 13824, Note_off_c, 4, 40, 64
8, 13824, Note_off_c, 4, 55, 64
8, 13824, Note_off_c, 4, 59, 64
8, 13824, Note_off_c, 4, 64, 64
8, 14592, Note_on_c, 4, 30, 1
8, 14596, Note_off_c, 4, 30, 64
8, 14784, Note_on_c, 4, 67, 87
8, 14784, Note_on_c, 4, 62, 98
8, 14784, Note_on_c, 4, 71, 98
8, 14784, Note_on_c, 4, 74, 88
8, 14908, Note_off_c, 4, 67, 64
8, 14908, Note_off_c, 4, 62, 64
8, 14908, Note_off_c, 4, 71, 64
8, 14908, Note_off_c, 4, 74, 64
8, 14912, Note_on_c, 4, 62, 79
8, 14912, Note_on_c, 4, 67, 79
8, 14912, Note_on_c, 4, 71, 79
8, 14912, Note_on_c, 4, 74, 79
8, 14972, Note_off_c, 4, 62, 64
8, 14972, Note_off_c, 4, 67, 64
8, 14972, Note_off_c, 4, 71, 64
8, 14972, Note_off_c, 4, 74, 64
8, 14976, Note_on_c, 4, 64, 92
8, 14976, Note_on_c, 4, 72, 88
8, 14976, Note_on_c, 4, 67, 95
8, 14976, Note_on_c, 4, 76, 87
8, 15100, Note_off_c, 4, 64, 64
8, 15100, Note_off_c, 4, 72, 64
8, 15100, Note_off_c, 4, 67, 64
8, 15100, Note_off_c, 4, 76, 64
8, 15104, Note_on_c, 4, 64, 79
8, 15104, Note_on_c, 4, 67, 79
8, 15104, Note_on_c, 4, 72, 79
8, 15104, Note_on_c, 4, 76, 79
8, 15164, Note_off_c, 4, 64, 64
8, 15164, Note_off_c, 4, 67, 64
8, 15164, Note_off_c, 4, 72, 64
8, 15164, Note_off_c, 4, 76, 64
8, 15168, Note_on_c, 4, 64, 95
8, 15168, Note_on_c, 4, 72, 88
8, 15168, Note_on_c, 4, 67, 91
8, 15168, Note_on_c, 4, 76, 91
8, 15292, Note_off_c, 4, 64, 64
8, 15292, Note_off_c, 4, 72, 64
8, 15292, Note_off_c, 4, 67, 64
8, 15292, Note_off_c, 4, 76, 64
8, 15296, Note_on_c, 4, 64, 87
8, 15296, Note_on_c, 4, 72, 87
8, 15296, Note_on_c, 4, 67, 87
8, 15296, Note_on_c, 4, 76, 87
8, 15356, Note_off_c, 4, 64, 64
8, 15356, Note_off_c, 4, 72, 64
8, 15356, Note_off_c, 4, 67, 64
8, 15356, Note_off_c, 4, 76, 64
8, 15360, Note_on_c, 4, 72, 98
8, 15360, Note_on_c, 4, 67, 100
8, 15360, Note_on_c, 4, 64, 100
8, 15360, Note_on_c, 4, 76, 90
8, 15484, Note_off_c, 4, 72, 64
8, 15484, Note_off_c, 4, 67, 64
8, 15484, Note_off_c, 4, 64, 64
8, 15488, Note_off_c, 4, 76, 64
8, 15488, Note_on_c, 4, 71, 93
8, 15488, Note_on_c, 4, 62, 93
8, 15488, Note_on_c, 4, 67, 93
8, 15488, Note_on_c, 4, 74, 93
8, 16060, Note_off_c, 4, 71, 64
8, 16060, Note_off_c, 4, 62, 64
8, 16060, Note_off_c, 4, 67, 64
8, 16060, Note_off_c, 4, 74, 64
8, 24768, Note_on_c, 4, 43, 24
8, 24768, Note_on_c, 4, 59, 74
8, 24768, Note_on_c, 4, 62, 91
8, 24768, Note_on_c, 4, 67, 94
8, 24956, Note_off_c, 4, 43, 64
8, 24956, Note_off_c, 4, 59, 64
8, 24956, Note_off_c, 4, 62, 64
8, 24956, Note_off_c, 4, 67, 64
8, 24960, Note_on_c, 4, 40, 33
8, 24960, Note_on_c, 4, 55, 73
8, 24960, Note_on_c, 4, 59, 73
8, 24960, Note_on_c, 4, 64, 79
8, 25344, Note_off_c, 4, 40, 64
8, 25344, Note_off_c, 4, 55, 64
8, 25344, Note_off_c, 4, 59, 64
8, 25344, Note_off_c, 4, 64, 64
8, 26304, Note_on_c, 4, 43, 34
8, 26304, Note_on_c, 4, 59, 74
8, 26304, Note_on_c, 4, 62, 91
8, 26304, Note_on_c, 4, 67, 94
8, 26492, Note_off_c, 4, 43, 64
8, 26492, Note_off_c, 4, 59, 64
8, 26492, Note_off_c, 4, 62, 64
8, 26492, Note_off_c, 4, 67, 64
8, 26496, Note_on_c, 4, 40, 33
8, 26496, Note_on_c, 4, 55, 73
8, 26496, Note_on_c, 4, 59, 73
8, 26496, Note_on_c, 4, 64, 79
8, 26880, Note_off_c, 4, 40, 64
8, 26880, Note_off_c, 4, 55, 64
8, 26880, Note_off_c, 4, 59, 64
8, 26880, Note_off_c, 4, 64, 64
8, 27840, Note_on_c, 4, 67, 87
8, 27840, Note_on_c, 4, 71, 98
8, 27840, Note_on_c, 4, 74, 88
8, 27964, Note_off_c, 4, 67, 64
8, 27964, Note_off_c, 4, 71, 64
8, 27964, Note_off_c, 4, 74, 64
8, 27968, Note_on_c, 4, 62, 79
8, 27968, Note_on_c, 4, 67, 79
8, 27968, Note_on_c, 4, 71, 79
8, 27968, Note_on_c, 4, 74, 79
8, 28028, Note_off_c, 4, 62, 64
8, 28028, Note_off_c, 4, 67, 64
8, 28028, Note_off_c, 4, 71, 64
8, 28028, Note_off_c, 4, 74, 64
8, 28032, Note_on_c, 4, 62, 92
8, 28032, Note_on_c, 4, 71, 88
8, 28032, Note_on_c, 4, 74, 87
8, 28032, Note_on_c, 4, 67, 95
8, 28156, Note_off_c, 4, 62, 64
8, 28156, Note_off_c, 4, 71, 64
8, 28156, Note_off_c, 4, 74, 64
8, 28156, Note_off_c, 4, 67, 64
8, 28160, Note_on_c, 4, 62, 79
8, 28160, Note_on_c, 4, 71, 79
8, 28160, Note_on_c, 4, 74, 79
8, 28160, Note_on_c, 4, 67, 79
8, 28220, Note_off_c, 4, 62, 64
8, 28220, Note_off_c, 4, 71, 64
8, 28220, Note_off_c, 4, 74, 64
8, 28220, Note_off_c, 4, 67, 64
8, 28224, Note_on_c, 4, 62, 95
8, 28224, Note_on_c, 4, 71, 88
8, 28224, Note_on_c, 4, 74, 91
8, 28224, Note_on_c, 4, 67, 91
8, 28348, Note_off_c, 4, 62, 64
8, 28348, Note_off_c, 4, 71, 64
8, 28348, Note_off_c, 4, 74, 64
8, 28348, Note_off_c, 4, 67, 64
8, 28352, Note_on_c, 4, 62, 87
8, 28352, Note_on_c, 4, 71, 87
8, 28352, Note_on_c, 4, 74, 87
8, 28352, Note_on_c, 4, 67, 87
8, 28412, Note_off_c, 4, 62, 64
8, 28412, Note_off_c, 4, 71, 64
8, 28412, Note_off_c, 4, 74, 64
8, 28412, Note_off_c, 4, 67, 64
8, 28416, Note_on_c, 4, 61, 100
8, 28416, Note_on_c, 4, 67, 98
8, 28416, Note_on_c, 4, 70, 98
8, 28416, Note_on_c, 4, 75, 90
8, 28540, Note_off_c, 4, 61, 64
8, 28540, Note_off_c, 4, 67, 64
8, 28540, Note_off_c, 4, 70, 64
8, 28544, Note_off_c, 4, 75, 64
8, 30912, Note_on_c, 4, 44, 34
8, 30912, Note_on_c, 4, 60, 74
8, 30912, Note_on_c, 4, 63, 91
8, 30912, Note_on_c, 4, 68, 94
8, 31100, Note_off_c, 4, 44, 64
8, 31100, Note_off_c, 4, 60, 64
8, 31100, Note_off_c, 4, 63, 64
8, 31100, Note_off_c, 4, 68, 64
8, 31104, Note_on_c, 4, 41, 33
8, 31104, Note_on_c, 4, 56, 73
8, 31104, Note_on_c, 4, 60, 73
8, 31104, Note_on_c, 4, 65, 79
8, 31488, Note_off_c, 4, 41, 64
8, 31488, Note_off_c, 4, 56, 64
8, 31488, Note_off_c, 4, 60, 64
8, 31488, Note_off_c, 4, 65, 64
8, 32448, Note_on_c, 4, 44, 34
8, 32448, Note_on_c, 4, 60, 74
8, 32448, Note_on_c, 4, 63, 91
8, 32448, Note_on_c, 4, 68, 94
8, 32636, Note_off_c, 4, 44, 64
8, 32636, Note_off_c, 4, 60, 64
8, 32636, Note_off_c, 4, 63, 64
8, 32636, Note_off_c, 4, 68, 64
8, 32640, Note_on_c, 4, 41, 33
8, 32640, Note_on_c, 4, 56, 73
8, 32640, Note_on_c, 4, 60, 73
8, 32640, Note_on_c, 4, 65, 79
8, 33024, Note_off_c, 4, 41, 64
8, 33024, Note_off_c, 4, 56, 64
8, 33024, Note_off_c, 4, 60, 64
8, 33024, Note_off_c, 4, 65, 64
8, 35072, Note_on_c, 4, 67, 70
8, 35072, Note_on_c, 4, 75, 74
8, 35072, Note_on_c, 4, 72, 78
8, 35132, Note_off_c, 4, 67, 64
8, 35132, Note_off_c, 4, 75, 64
8, 35132, Note_off_c, 4, 72, 64
8, 35136, Note_on_c, 4, 70, 83
8, 35136, Note_on_c, 4, 75, 81
8, 35136, Note_on_c, 4, 79, 87
8, 35196, Note_off_c, 4, 70, 64
8, 35196, Note_off_c, 4, 75, 64
8, 35196, Note_off_c, 4, 79, 64
8, 35200, Note_on_c, 4, 67, 81
8, 35200, Note_on_c, 4, 75, 81
8, 35200, Note_on_c, 4, 72, 81
8, 35260, Note_off_c, 4, 67, 64
8, 35260, Note_off_c, 4, 75, 64
8, 35260, Note_off_c, 4, 72, 64
8, 35264, Note_on_c, 4, 70, 81
8, 35264, Note_on_c, 4, 75, 93
8, 35264, Note_on_c, 4, 79, 87
8, 35324, Note_off_c, 4, 70, 64
8, 35324, Note_off_c, 4, 75, 64
8, 35324, Note_off_c, 4, 79, 64
8, 35328, Note_on_c, 4, 68, 89
8, 35328, Note_on_c, 4, 73, 89
8, 35328, Note_on_c, 4, 77, 91
8, 35708, Note_off_c, 4, 68, 64
8, 35708, Note_off_c, 4, 73, 64
8, 35708, Note_off_c, 4, 77, 64
8, 35712, Note_on_c, 4, 61, 87
8, 35712, Note_on_c, 4, 67, 87
8, 35712, Note_on_c, 4, 76, 83
8, 35712, Note_on_c, 4, 73, 89
8, 35836, Note_off_c, 4, 67, 64
8, 35836, Note_off_c, 4, 76, 64
8, 35836, Note_off_c, 4, 73, 64
8, 35840, Note_on_c, 4, 73, 83
8, 35840, Note_on_c, 4, 64, 67
8, 35840, Note_on_c, 4, 70, 81
8, 35964, Note_off_c, 4, 73, 64
8, 35964, Note_off_c, 4, 64, 64
8, 35964, Note_off_c, 4, 70, 64
8, 35968, Note_on_c, 4, 76, 83
8, 35968, Note_on_c, 4, 67, 83
8, 35968, Note_on_c, 4, 73, 89
8, 36092, Note_off_c, 4, 76, 64
8, 36092, Note_off_c, 4, 67, 64
8, 36092, Note_off_c, 4, 73, 64
8, 36094, Note_off_c, 4, 61, 64
8, 36096, Note_on_c, 4, 67, 67
8, 36096, Note_on_c, 4, 72, 78
8, 36096, Note_on_c, 4, 75, 83
8, 36096, Note_on_c, 4, 56, 67
8, 37248, Note_off_c, 4, 56, 64
8, 37248, Note_off_c, 4, 75, 64
8, 37248, Note_off_c, 4, 72, 64
8, 37248, Note_off_c, 4, 67, 64
8, 37248, End_track
9, 0, Start_track
9, 0, MIDI_port, 0
9, 0, Title_t, "PUT YOUR HEAD ON  6 "
9, 246, Program_c, 5, 26
9, 248, Control_c, 5, 7, 100
9, 248, Control_c, 5, 10, 120
9, 248, Control_c, 5, 11, 0
9, 250, Control_c, 5, 91, 66
9, 250, Control_c, 5, 93, 20
9, 768, Note_on_c, 5, 71, 82
9, 770, Pitch_bend_c, 5, 8192
9, 770, Control_c, 5, 1, 0
9, 784, Note_on_c, 5, 74, 91
9, 792, Control_c, 5, 11, 105
9, 816, Control_c, 5, 11, 127
9, 840, Control_c, 5, 11, 105
9, 864, Control_c, 5, 11, 127
9, 888, Control_c, 5, 11, 105
9, 912, Control_c, 5, 11, 127
9, 936, Control_c, 5, 11, 105
9, 960, Control_c, 5, 11, 127
9, 984, Control_c, 5, 11, 105
9, 1008, Control_c, 5, 11, 127
9, 1032, Control_c, 5, 11, 105
9, 1056, Control_c, 5, 11, 127
9, 1080, Control_c, 5, 11, 105
9, 1104, Control_c, 5, 11, 127
9, 1128, Control_c, 5, 11, 105
9, 1152, Control_c, 5, 11, 127
9, 1176, Control_c, 5, 11, 105
9, 1200, Control_c, 5, 11, 127
9, 1224, Control_c, 5, 11, 105
9, 1248, Control_c, 5, 11, 127
9, 1272, Control_c, 5, 11, 105
9, 1296, Control_c, 5, 11, 127
9, 1314, Note_off_c, 5, 74, 64
9, 1330, Note_off_c, 5, 71, 64
9, 1338, Control_c, 5, 11, 105
9, 1340, Note_on_c, 5, 74, 86
9, 1344, Control_c, 5, 11, 127
9, 1352, Note_on_c, 5, 78, 88
9, 1368, Control_c, 5, 11, 105
9, 1392, Control_c, 5, 11, 127
9, 1416, Control_c, 5, 11, 105
9, 1440, Control_c, 5, 11, 127
9, 1464, Control_c, 5, 11, 105
9, 1488, Control_c, 5, 11, 127
9, 1512, Control_c, 5, 11, 105
9, 1516, Note_off_c, 5, 74, 64
9, 1522, Note_off_c, 5, 78, 64
9, 1532, Note_on_c, 5, 72, 84
9, 1534, Control_c, 5, 11, 127
9, 1536, Note_on_c, 5, 76, 91
9, 1560, Control_c, 5, 11, 105
9, 1584, Control_c, 5, 11, 127
9, 1608, Control_c, 5, 11, 105
9, 1632, Control_c, 5, 11, 127
9, 1656, Control_c, 5, 11, 105
9, 1680, Control_c, 5, 11, 127
9, 1704, Control_c, 5, 11, 105
9, 1728, Control_c, 5, 11, 127
9, 1752, Control_c, 5, 11, 105
9, 1776, Control_c, 5, 11, 127
9, 1800, Control_c, 5, 11, 105
9, 1824, Control_c, 5, 11, 127
9, 1848, Control_c, 5, 11, 105
9, 1872, Control_c, 5, 11, 127
9, 1896, Control_c, 5, 11, 105
9, 1900, Note_off_c, 5, 72, 64
9, 1904, Note_off_c, 5, 76, 64
9, 1924, Note_on_c, 5, 72, 78
9, 1928, Note_on_c, 5, 75, 88
9, 1968, Control_c, 5, 11, 127
9, 1992, Control_c, 5, 11, 105
9, 2016, Control_c, 5, 11, 127
9, 2040, Control_c, 5, 11, 105
9, 2064, Control_c, 5, 11, 127
9, 2088, Control_c, 5, 11, 105
9, 2112, Control_c, 5, 11, 127
9, 2136, Control_c, 5, 11, 105
9, 2160, Control_c, 5, 11, 127
9, 2184, Control_c, 5, 11, 105
9, 2208, Control_c, 5, 11, 127
9, 2232, Control_c, 5, 11, 105
9, 2256, Control_c, 5, 11, 127
9, 2280, Control_c, 5, 11, 105
9, 2288, Note_off_c, 5, 72, 64
9, 2292, Note_off_c, 5, 75, 64
9, 2298, Note_on_c, 5, 71, 78
9, 2304, Control_c, 5, 11, 127
9, 2304, Note_on_c, 5, 74, 87
9, 2328, Control_c, 5, 11, 105
9, 2352, Control_c, 5, 11, 127
9, 2376, Control_c, 5, 11, 105
9, 2400, Control_c, 5, 11, 127
9, 2424, Control_c, 5, 11, 105
9, 2448, Control_c, 5, 11, 127
9, 2472, Control_c, 5, 11, 105
9, 2496, Control_c, 5, 11, 127
9, 2520, Control_c, 5, 11, 105
9, 2544, Control_c, 5, 11, 127
9, 2568, Control_c, 5, 11, 105
9, 2592, Control_c, 5, 11, 127
9, 2616, Control_c, 5, 11, 105
9, 2640, Control_c, 5, 11, 127
9, 2664, Control_c, 5, 11, 105
9, 2668, Note_off_c, 5, 71, 64
9, 2672, Note_off_c, 5, 74, 64
9, 2690, Control_c, 5, 11, 127
9, 2692, Note_on_c, 5, 72, 80
9, 2698, Note_on_c, 5, 76, 90
9, 2712, Control_c, 5, 11, 105
9, 2736, Control_c, 5, 11, 127
9, 2760, Control_c, 5, 11, 105
9, 2784, Control_c, 5, 11, 127
9, 2808, Control_c, 5, 11, 105
9, 2832, Control_c, 5, 11, 127
9, 2856, Control_c, 5, 11, 105
9, 2880, Control_c, 5, 11, 127
9, 2904, Control_c, 5, 11, 105
9, 2928, Control_c, 5, 11, 127
9, 2952, Control_c, 5, 11, 105
9, 2976, Control_c, 5, 11, 127
9, 3000, Control_c, 5, 11, 105
9, 3024, Control_c, 5, 11, 127
9, 3048, Control_c, 5, 11, 105
9, 3060, Note_off_c, 5, 76, 64
9, 3068, Note_off_c, 5, 72, 64
9, 3076, Note_on_c, 5, 74, 103
9, 3076, Note_on_c, 5, 71, 90
9, 3120, Control_c, 5, 11, 127
9, 3144, Control_c, 5, 11, 105
9, 3160, Note_off_c, 5, 74, 64
9, 3160, Note_off_c, 5, 71, 64
9, 4412, Note_on_c, 5, 74, 86
9, 4416, Control_c, 5, 11, 127
9, 4424, Note_on_c, 5, 78, 88
9, 4440, Control_c, 5, 11, 105
9, 4464, Control_c, 5, 11, 127
9, 4488, Control_c, 5, 11, 105
9, 4512, Control_c, 5, 11, 127
9, 4536, Control_c, 5, 11, 105
9, 4560, Control_c, 5, 11, 127
9, 4584, Control_c, 5, 11, 105
9, 4592, Note_off_c, 5, 78, 64
9, 4596, Note_off_c, 5, 74, 64
9, 4604, Note_on_c, 5, 72, 84
9, 4606, Control_c, 5, 11, 127
9, 4608, Note_on_c, 5, 76, 91
9, 4632, Control_c, 5, 11, 105
9, 4656, Control_c, 5, 11, 127
9, 4680, Control_c, 5, 11, 105
9, 4704, Control_c, 5, 11, 127
9, 4728, Control_c, 5, 11, 105
9, 4752, Control_c, 5, 11, 127
9, 4776, Control_c, 5, 11, 105
9, 4800, Control_c, 5, 11, 127
9, 4824, Control_c, 5, 11, 105
9, 4848, Control_c, 5, 11, 127
9, 4872, Control_c, 5, 11, 105
9, 4896, Control_c, 5, 11, 127
9, 4920, Control_c, 5, 11, 105
9, 4944, Control_c, 5, 11, 127
9, 4968, Control_c, 5, 11, 105
9, 4976, Note_off_c, 5, 72, 64
9, 4980, Note_off_c, 5, 76, 64
9, 4996, Note_on_c, 5, 72, 78
9, 5000, Note_on_c, 5, 75, 88
9, 5040, Control_c, 5, 11, 127
9, 5064, Control_c, 5, 11, 105
9, 5088, Control_c, 5, 11, 127
9, 5112, Control_c, 5, 11, 105
9, 5136, Control_c, 5, 11, 127
9, 5160, Control_c, 5, 11, 105
9, 5184, Control_c, 5, 11, 127
9, 5208, Control_c, 5, 11, 105
9, 5232, Control_c, 5, 11, 127
9, 5256, Control_c, 5, 11, 105
9, 5280, Control_c, 5, 11, 127
9, 5304, Control_c, 5, 11, 105
9, 5328, Control_c, 5, 11, 127
9, 5352, Control_c, 5, 11, 105
9, 5364, Note_off_c, 5, 72, 64
9, 5364, Note_off_c, 5, 75, 64
9, 5370, Note_on_c, 5, 71, 87
9, 5376, Control_c, 5, 11, 127
9, 5378, Note_on_c, 5, 74, 91
9, 5400, Control_c, 5, 11, 105
9, 5424, Control_c, 5, 11, 127
9, 5448, Control_c, 5, 11, 105
9, 5472, Control_c, 5, 11, 127
9, 5496, Control_c, 5, 11, 105
9, 5520, Control_c, 5, 11, 127
9, 5544, Control_c, 5, 11, 105
9, 5568, Control_c, 5, 11, 127
9, 5592, Control_c, 5, 11, 105
9, 5616, Control_c, 5, 11, 127
9, 5640, Control_c, 5, 11, 105
9, 5664, Control_c, 5, 11, 127
9, 5688, Control_c, 5, 11, 105
9, 5712, Control_c, 5, 11, 127
9, 5736, Control_c, 5, 11, 105
9, 5760, Control_c, 5, 11, 127
9, 5784, Control_c, 5, 11, 105
9, 5808, Control_c, 5, 11, 127
9, 5832, Control_c, 5, 11, 105
9, 5856, Control_c, 5, 11, 127
9, 5880, Control_c, 5, 11, 105
9, 5904, Control_c, 5, 11, 127
9, 5928, Control_c, 5, 11, 105
9, 5938, Note_off_c, 5, 71, 64
9, 5938, Note_off_c, 5, 74, 64
9, 5948, Note_on_c, 5, 74, 86
9, 5952, Control_c, 5, 11, 127
9, 5960, Note_on_c, 5, 78, 88
9, 5976, Control_c, 5, 11, 105
9, 6000, Control_c, 5, 11, 127
9, 6024, Control_c, 5, 11, 105
9, 6048, Control_c, 5, 11, 127
9, 6072, Control_c, 5, 11, 105
9, 6096, Control_c, 5, 11, 127
9, 6120, Control_c, 5, 11, 105
9, 6128, Note_off_c, 5, 74, 64
9, 6130, Note_off_c, 5, 78, 64
9, 6140, Note_on_c, 5, 72, 84
9, 6142, Control_c, 5, 11, 127
9, 6144, Note_on_c, 5, 76, 91
9, 6168, Control_c, 5, 11, 105
9, 6192, Control_c, 5, 11, 127
9, 6216, Control_c, 5, 11, 105
9, 6240, Control_c, 5, 11, 127
9, 6264, Control_c, 5, 11, 105
9, 6288, Control_c, 5, 11, 127
9, 6312, Control_c, 5, 11, 105
9, 6336, Control_c, 5, 11, 127
9, 6360, Control_c, 5, 11, 105
9, 6384, Control_c, 5, 11, 127
9, 6408, Control_c, 5, 11, 105
9, 6432, Control_c, 5, 11, 127
9, 6456, Control_c, 5, 11, 105
9, 6480, Control_c, 5, 11, 127
9, 6504, Control_c, 5, 11, 105
9, 6516, Note_off_c, 5, 72, 64
9, 6516, Note_off_c, 5, 76, 64
9, 6532, Note_on_c, 5, 72, 78
9, 6536, Note_on_c, 5, 75, 88
9, 6576, Control_c, 5, 11, 127
9, 6600, Control_c, 5, 11, 105
9, 6624, Control_c, 5, 11, 127
9, 6648, Control_c, 5, 11, 105
9, 6672, Control_c, 5, 11, 127
9, 6696, Control_c, 5, 11, 105
9, 6720, Control_c, 5, 11, 127
9, 6744, Control_c, 5, 11, 105
9, 6768, Control_c, 5, 11, 127
9, 6792, Control_c, 5, 11, 105
9, 6816, Control_c, 5, 11, 127
9, 6840, Control_c, 5, 11, 105
9, 6864, Control_c, 5, 11, 127
9, 6888, Control_c, 5, 11, 105
9, 6900, Note_off_c, 5, 72, 64
9, 6908, Note_off_c, 5, 75, 64
9, 6912, Note_on_c, 5, 71, 87
9, 6916, Note_on_c, 5, 74, 91
9, 6960, Control_c, 5, 11, 127
9, 6984, Control_c, 5, 11, 105
9, 7008, Control_c, 5, 11, 127
9, 7032, Control_c, 5, 11, 105
9, 7056, Control_c, 5, 11, 127
9, 7080, Control_c, 5, 11, 105
9, 7104, Control_c, 5, 11, 127
9, 7128, Control_c, 5, 11, 105
9, 7152, Control_c, 5, 11, 127
9, 7176, Control_c, 5, 11, 105
9, 7200, Control_c, 5, 11, 127
9, 7224, Control_c, 5, 11, 105
9, 7248, Control_c, 5, 11, 127
9, 7272, Control_c, 5, 11, 105
9, 7296, Control_c, 5, 11, 127
9, 7320, Control_c, 5, 11, 105
9, 7344, Control_c, 5, 11, 127
9, 7368, Control_c, 5, 11, 105
9, 7392, Control_c, 5, 11, 127
9, 7416, Control_c, 5, 11, 105
9, 7440, Control_c, 5, 11, 127
9, 7464, Control_c, 5, 11, 105
9, 7474, Note_off_c, 5, 71, 64
9, 7476, Note_off_c, 5, 74, 64
9, 7484, Note_on_c, 5, 71, 86
9, 7488, Control_c, 5, 11, 127
9, 7496, Note_on_c, 5, 74, 88
9, 7512, Control_c, 5, 11, 105
9, 7536, Control_c, 5, 11, 127
9, 7560, Control_c, 5, 11, 105
9, 7584, Control_c, 5, 11, 127
9, 7608, Control_c, 5, 11, 105
9, 7632, Control_c, 5, 11, 127
9, 7656, Control_c, 5, 11, 105
9, 7668, Note_off_c, 5, 71, 64
9, 7674, Note_off_c, 5, 74, 64
9, 7680, Note_on_c, 5, 69, 84
9, 7684, Note_on_c, 5, 72, 91
9, 7728, Control_c, 5, 11, 127
9, 7752, Control_c, 5, 11, 105
9, 7776, Control_c, 5, 11, 127
9, 7800, Control_c, 5, 11, 105
9, 7824, Control_c, 5, 11, 127
9, 7848, Control_c, 5, 11, 105
9, 7872, Control_c, 5, 11, 127
9, 7896, Control_c, 5, 11, 105
9, 7920, Control_c, 5, 11, 127
9, 7944, Control_c, 5, 11, 105
9, 7968, Control_c, 5, 11, 127
9, 7992, Control_c, 5, 11, 105
9, 8016, Control_c, 5, 11, 127
9, 8040, Control_c, 5, 11, 105
9, 8064, Control_c, 5, 11, 127
9, 8088, Control_c, 5, 11, 105
9, 8112, Control_c, 5, 11, 127
9, 8136, Control_c, 5, 11, 105
9, 8160, Control_c, 5, 11, 127
9, 8184, Control_c, 5, 11, 105
9, 8208, Control_c, 5, 11, 127
9, 8232, Control_c, 5, 11, 105
9, 8256, Control_c, 5, 11, 127
9, 8280, Control_c, 5, 11, 105
9, 8304, Control_c, 5, 11, 127
9, 8328, Control_c, 5, 11, 105
9, 8352, Control_c, 5, 11, 127
9, 8376, Control_c, 5, 11, 105
9, 8400, Control_c, 5, 11, 127
9, 8404, Note_off_c, 5, 69, 64
9, 8408, Note_off_c, 5, 72, 64
9, 8644, Note_on_c, 5, 71, 83
9, 8650, Note_on_c, 5, 74, 91
9, 8664, Control_c, 5, 11, 105
9, 8688, Control_c, 5, 11, 127
9, 8712, Control_c, 5, 11, 105
9, 8736, Control_c, 5, 11, 127
9, 8760, Control_c, 5, 11, 105
9, 8784, Control_c, 5, 11, 127
9, 8808, Control_c, 5, 11, 105
9, 8812, Note_off_c, 5, 71, 64
9, 8820, Note_off_c, 5, 74, 64
9, 8832, Note_on_c, 5, 71, 83
9, 8840, Note_on_c, 5, 76, 84
9, 8880, Control_c, 5, 11, 127
9, 8904, Control_c, 5, 11, 105
9, 8928, Control_c, 5, 11, 127
9, 8952, Control_c, 5, 11, 105
9, 8976, Control_c, 5, 11, 127
9, 9000, Control_c, 5, 11, 105
9, 9024, Control_c, 5, 11, 127
9, 9048, Control_c, 5, 11, 105
9, 9072, Control_c, 5, 11, 127
9, 9096, Control_c, 5, 11, 105
9, 9120, Control_c, 5, 11, 127
9, 9144, Control_c, 5, 11, 105
9, 9168, Control_c, 5, 11, 127
9, 9192, Control_c, 5, 11, 105
9, 9200, Note_off_c, 5, 71, 64
9, 9200, Note_off_c, 5, 76, 64
9, 9216, Note_on_c, 5, 71, 88
9, 9216, Note_on_c, 5, 74, 93
9, 9264, Control_c, 5, 11, 127
9, 9288, Note_off_c, 5, 74, 64
9, 9288, Control_c, 5, 11, 105
9, 9290, Note_off_c, 5, 71, 64
9, 10556, Note_on_c, 5, 74, 86
9, 10560, Control_c, 5, 11, 127
9, 10568, Note_on_c, 5, 78, 88
9, 10584, Control_c, 5, 11, 105
9, 10608, Control_c, 5, 11, 127
9, 10632, Control_c, 5, 11, 105
9, 10656, Control_c, 5, 11, 127
9, 10680, Control_c, 5, 11, 105
9, 10704, Control_c, 5, 11, 127
9, 10728, Control_c, 5, 11, 105
9, 10736, Note_off_c, 5, 78, 64
9, 10740, Note_off_c, 5, 74, 64
9, 10748, Note_on_c, 5, 72, 84
9, 10750, Control_c, 5, 11, 127
9, 10752, Note_on_c, 5, 76, 91
9, 10776, Control_c, 5, 11, 105
9, 10800, Control_c, 5, 11, 127
9, 10824, Control_c, 5, 11, 105
9, 10848, Control_c, 5, 11, 127
9, 10872, Control_c, 5, 11, 105
9, 10896, Control_c, 5, 11, 127
9, 10920, Control_c, 5, 11, 105
9, 10944, Control_c, 5, 11, 127
9, 10968, Control_c, 5, 11, 105
9, 10992, Control_c, 5, 11, 127
9, 11016, Control_c, 5, 11, 105
9, 11040, Control_c, 5, 11, 127
9, 11064, Control_c, 5, 11, 105
9, 11088, Control_c, 5, 11, 127
9, 11112, Control_c, 5, 11, 105
9, 11120, Note_off_c, 5, 72, 64
9, 11124, Note_off_c, 5, 76, 64
9, 11140, Note_on_c, 5, 72, 78
9, 11144, Note_on_c, 5, 75, 88
9, 11184, Control_c, 5, 11, 127
9, 11208, Control_c, 5, 11, 105
9, 11232, Control_c, 5, 11, 127
9, 11256, Control_c, 5, 11, 105
9, 11280, Control_c, 5, 11, 127
9, 11304, Control_c, 5, 11, 105
9, 11328, Control_c, 5, 11, 127
9, 11352, Control_c, 5, 11, 105
9, 11376, Control_c, 5, 11, 127
9, 11400, Control_c, 5, 11, 105
9, 11424, Control_c, 5, 11, 127
9, 11448, Control_c, 5, 11, 105
9, 11472, Control_c, 5, 11, 127
9, 11496, Control_c, 5, 11, 105
9, 11508, Note_off_c, 5, 72, 64
9, 11508, Note_off_c, 5, 75, 64
9, 11514, Note_on_c, 5, 71, 87
9, 11520, Control_c, 5, 11, 127
9, 11522, Note_on_c, 5, 74, 91
9, 11544, Control_c, 5, 11, 105
9, 11568, Control_c, 5, 11, 127
9, 11592, Control_c, 5, 11, 105
9, 11616, Control_c, 5, 11, 127
9, 11640, Control_c, 5, 11, 105
9, 11664, Control_c, 5, 11, 127
9, 11688, Control_c, 5, 11, 105
9, 11712, Control_c, 5, 11, 127
9, 11736, Control_c, 5, 11, 105
9, 11760, Control_c, 5, 11, 127
9, 11784, Control_c, 5, 11, 105
9, 11808, Control_c, 5, 11, 127
9, 11832, Control_c, 5, 11, 105
9, 11856, Control_c, 5, 11, 127
9, 11880, Control_c, 5, 11, 105
9, 11904, Control_c, 5, 11, 127
9, 11928, Control_c, 5, 11, 105
9, 11952, Control_c, 5, 11, 127
9, 11976, Control_c, 5, 11, 105
9, 12000, Control_c, 5, 11, 127
9, 12024, Control_c, 5, 11, 105
9, 12048, Control_c, 5, 11, 127
9, 12072, Control_c, 5, 11, 105
9, 12082, Note_off_c, 5, 71, 64
9, 12082, Note_off_c, 5, 74, 64
9, 12092, Note_on_c, 5, 74, 86
9, 12096, Control_c, 5, 11, 127
9, 12104, Note_on_c, 5, 78, 88
9, 12120, Control_c, 5, 11, 105
9, 12144, Control_c, 5, 11, 127
9, 12168, Control_c, 5, 11, 105
9, 12192, Control_c, 5, 11, 127
9, 12216, Control_c, 5, 11, 105
9, 12240, Control_c, 5, 11, 127
9, 12264, Control_c, 5, 11, 105
9, 12272, Note_off_c, 5, 74, 64
9, 12274, Note_off_c, 5, 78, 64
9, 12284, Note_on_c, 5, 72, 84
9, 12286, Control_c, 5, 11, 127
9, 12288, Note_on_c, 5, 76, 91
9, 12312, Control_c, 5, 11, 105
9, 12336, Control_c, 5, 11, 127
9, 12360, Control_c, 5, 11, 105
9, 12384, Control_c, 5, 11, 127
9, 12408, Control_c, 5, 11, 105
9, 12432, Control_c, 5, 11, 127
9, 12456, Control_c, 5, 11, 105
9, 12480, Control_c, 5, 11, 127
9, 12504, Control_c, 5, 11, 105
9, 12528, Control_c, 5, 11, 127
9, 12552, Control_c, 5, 11, 105
9, 12576, Control_c, 5, 11, 127
9, 12600, Control_c, 5, 11, 105
9, 12624, Control_c, 5, 11, 127
9, 12648, Control_c, 5, 11, 105
9, 12660, Note_off_c, 5, 72, 64
9, 12660, Note_off_c, 5, 76, 64
9, 12676, Note_on_c, 5, 72, 78
9, 12680, Note_on_c, 5, 75, 88
9, 12720, Control_c, 5, 11, 127
9, 12744, Control_c, 5, 11, 105
9, 12768, Control_c, 5, 11, 127
9, 12792, Control_c, 5, 11, 105
9, 12816, Control_c, 5, 11, 127
9, 12840, Control_c, 5, 11, 105
9, 12864, Control_c, 5, 11, 127
9, 12888, Control_c, 5, 11, 105
9, 12912, Control_c, 5, 11, 127
9, 12936, Control_c, 5, 11, 105
9, 12960, Control_c, 5, 11, 127
9, 12984, Control_c, 5, 11, 105
9, 13008, Control_c, 5, 11, 127
9, 13032, Control_c, 5, 11, 105
9, 13044, Note_off_c, 5, 72, 64
9, 13052, Note_off_c, 5, 75, 64
9, 13056, Note_on_c, 5, 71, 87
9, 13060, Note_on_c, 5, 74, 91
9, 13104, Control_c, 5, 11, 127
9, 13128, Control_c, 5, 11, 105
9, 13152, Control_c, 5, 11, 127
9, 13176, Control_c, 5, 11, 105
9, 13200, Control_c, 5, 11, 127
9, 13224, Control_c, 5, 11, 105
9, 13248, Control_c, 5, 11, 127
9, 13272, Control_c, 5, 11, 105
9, 13296, Control_c, 5, 11, 127
9, 13320, Control_c, 5, 11, 105
9, 13344, Control_c, 5, 11, 127
9, 13368, Control_c, 5, 11, 105
9, 13392, Control_c, 5, 11, 127
9, 13416, Control_c, 5, 11, 105
9, 13440, Control_c, 5, 11, 127
9, 13464, Control_c, 5, 11, 105
9, 13488, Control_c, 5, 11, 127
9, 13512, Control_c, 5, 11, 105
9, 13536, Control_c, 5, 11, 127
9, 13560, Control_c, 5, 11, 105
9, 13584, Control_c, 5, 11, 127
9, 13608, Control_c, 5, 11, 105
9, 13618, Note_off_c, 5, 71, 64
9, 13620, Note_off_c, 5, 74, 64
9, 13628, Note_on_c, 5, 71, 86
9, 13632, Control_c, 5, 11, 127
9, 13640, Note_on_c, 5, 74, 88
9, 13656, Control_c, 5, 11, 105
9, 13680, Control_c, 5, 11, 127
9, 13704, Control_c, 5, 11, 105
9, 13728, Control_c, 5, 11, 127
9, 13752, Control_c, 5, 11, 105
9, 13776, Control_c, 5, 11, 127
9, 13800, Control_c, 5, 11, 105
9, 13812, Note_off_c, 5, 71, 64
9, 13818, Note_off_c, 5, 74, 64
9, 13824, Note_on_c, 5, 69, 84
9, 13828, Note_on_c, 5, 72, 91
9, 13872, Control_c, 5, 11, 127
9, 13896, Control_c, 5, 11, 105
9, 13920, Control_c, 5, 11, 127
9, 13944, Control_c, 5, 11, 105
9, 13968, Control_c, 5, 11, 127
9, 13992, Control_c, 5, 11, 105
9, 14016, Control_c, 5, 11, 127
9, 14040, Control_c, 5, 11, 105
9, 14064, Control_c, 5, 11, 127
9, 14088, Control_c, 5, 11, 105
9, 14112, Control_c, 5, 11, 127
9, 14136, Control_c, 5, 11, 105
9, 14160, Control_c, 5, 11, 127
9, 14184, Control_c, 5, 11, 105
9, 14208, Control_c, 5, 11, 127
9, 14232, Control_c, 5, 11, 105
9, 14256, Control_c, 5, 11, 127
9, 14280, Control_c, 5, 11, 105
9, 14304, Control_c, 5, 11, 127
9, 14328, Control_c, 5, 11, 105
9, 14352, Control_c, 5, 11, 127
9, 14376, Control_c, 5, 11, 105
9, 14400, Control_c, 5, 11, 127
9, 14424, Control_c, 5, 11, 105
9, 14448, Control_c, 5, 11, 127
9, 14472, Control_c, 5, 11, 105
9, 14496, Control_c, 5, 11, 127
9, 14520, Control_c, 5, 11, 105
9, 14544, Control_c, 5, 11, 127
9, 14548, Note_off_c, 5, 69, 64
9, 14552, Note_off_c, 5, 72, 64
9, 14788, Note_on_c, 5, 71, 83
9, 14794, Note_on_c, 5, 74, 91
9, 14808, Control_c, 5, 11, 105
9, 14832, Control_c, 5, 11, 127
9, 14856, Control_c, 5, 11, 105
9, 14880, Control_c, 5, 11, 127
9, 14904, Control_c, 5, 11, 105
9, 14928, Control_c, 5, 11, 127
9, 14952, Control_c, 5, 11, 105
9, 14956, Note_off_c, 5, 71, 64
9, 14964, Note_off_c, 5, 74, 64
9, 14976, Note_on_c, 5, 72, 83
9, 14976, Control_c, 5, 11, 127
9, 14984, Note_on_c, 5, 76, 84
9, 15000, Control_c, 5, 11, 105
9, 15024, Control_c, 5, 11, 127
9, 15048, Control_c, 5, 11, 105
9, 15072, Control_c, 5, 11, 127
9, 15096, Control_c, 5, 11, 105
9, 15120, Control_c, 5, 11, 127
9, 15144, Control_c, 5, 11, 105
9, 15168, Control_c, 5, 11, 127
9, 15192, Control_c, 5, 11, 105
9, 15216, Control_c, 5, 11, 127
9, 15240, Control_c, 5, 11, 105
9, 15264, Control_c, 5, 11, 127
9, 15288, Control_c, 5, 11, 105
9, 15312, Control_c, 5, 11, 127
9, 15336, Control_c, 5, 11, 105
9, 15344, Note_off_c, 5, 72, 64
9, 15344, Note_off_c, 5, 76, 64
9, 15360, Note_on_c, 5, 72, 88
9, 15360, Note_on_c, 5, 76, 88
9, 15408, Control_c, 5, 11, 127
9, 15432, Control_c, 5, 11, 105
9, 15456, Control_c, 5, 11, 127
9, 15472, Note_off_c, 5, 72, 64
9, 15472, Note_off_c, 5, 76, 64
9, 15486, Control_c, 5, 11, 105
9, 15488, Note_on_c, 5, 74, 77
9, 15490, Note_on_c, 5, 71, 77
9, 15504, Control_c, 5, 11, 127
9, 15528, Control_c, 5, 11, 105
9, 15552, Control_c, 5, 11, 127
9, 15576, Control_c, 5, 11, 105
9, 15600, Control_c, 5, 11, 127
9, 15624, Control_c, 5, 11, 105
9, 15648, Control_c, 5, 11, 127
9, 15672, Control_c, 5, 11, 105
9, 15696, Control_c, 5, 11, 127
9, 15720, Note_off_c, 5, 74, 64
9, 15720, Control_c, 5, 11, 105
9, 15730, Note_off_c, 5, 71, 64
9, 15744, Note_on_c, 5, 62, 81
9, 15744, Control_c, 5, 11, 127
9, 15744, Note_on_c, 5, 71, 81
9, 15744, Note_on_c, 5, 67, 81
9, 15768, Control_c, 5, 11, 105
9, 15792, Note_off_c, 5, 62, 64
9, 15792, Note_off_c, 5, 71, 64
9, 15792, Note_off_c, 5, 67, 64
9, 15792, Control_c, 5, 11, 127
9, 15936, Note_on_c, 5, 59, 76
9, 15936, Note_on_c, 5, 67, 76
9, 15936, Note_on_c, 5, 62, 76
9, 15960, Control_c, 5, 11, 105
9, 15984, Note_off_c, 5, 59, 64
9, 15984, Note_off_c, 5, 67, 64
9, 15984, Note_off_c, 5, 62, 64
9, 15984, Control_c, 5, 11, 127
9, 21696, Note_on_c, 5, 74, 95
9, 21720, Control_c, 5, 11, 105
9, 21744, Control_c, 5, 11, 127
9, 21752, Note_off_c, 5, 74, 64
9, 21760, Note_on_c, 5, 74, 84
9, 21768, Control_c, 5, 11, 105
9, 21792, Control_c, 5, 11, 127
9, 21810, Note_off_c, 5, 74, 64
9, 21822, Control_c, 5, 11, 105
9, 21824, Note_on_c, 5, 74, 86
9, 21840, Control_c, 5, 11, 127
9, 21864, Control_c, 5, 11, 105
9, 21866, Note_off_c, 5, 74, 64
9, 21888, Control_c, 5, 11, 127
9, 21888, Note_on_c, 5, 78, 102
9, 21912, Control_c, 5, 11, 105
9, 21936, Control_c, 5, 11, 127
9, 21940, Note_off_c, 5, 78, 64
9, 21952, Note_on_c, 5, 78, 87
9, 21960, Control_c, 5, 11, 105
9, 21984, Control_c, 5, 11, 127
9, 22004, Note_off_c, 5, 78, 64
9, 22014, Control_c, 5, 11, 105
9, 22016, Note_on_c, 5, 78, 92
9, 22032, Control_c, 5, 11, 127
9, 22056, Control_c, 5, 11, 105
9, 22058, Note_off_c, 5, 78, 64
9, 22076, Note_on_c, 5, 81, 101
9, 22080, Control_c, 5, 11, 127
9, 22104, Control_c, 5, 11, 105
9, 22124, Note_off_c, 5, 81, 64
9, 22142, Control_c, 5, 11, 127
9, 22144, Note_on_c, 5, 78, 88
9, 22152, Control_c, 5, 11, 105
9, 22176, Control_c, 5, 11, 127
9, 22184, Note_off_c, 5, 78, 64
9, 22206, Control_c, 5, 11, 105
9, 22208, Note_on_c, 5, 81, 90
9, 22224, Control_c, 5, 11, 127
9, 22248, Control_c, 5, 11, 105
9, 22256, Note_off_c, 5, 81, 64
9, 22272, Note_on_c, 5, 78, 87
9, 22272, Control_c, 5, 11, 127
9, 22296, Control_c, 5, 11, 105
9, 22320, Control_c, 5, 11, 127
9, 22336, Note_off_c, 5, 78, 64
9, 23612, Note_on_c, 5, 74, 86
9, 23624, Note_on_c, 5, 78, 88
9, 23640, Control_c, 5, 11, 105
9, 23664, Control_c, 5, 11, 127
9, 23688, Control_c, 5, 11, 105
9, 23712, Control_c, 5, 11, 127
9, 23736, Control_c, 5, 11, 105
9, 23760, Control_c, 5, 11, 127
9, 23784, Control_c, 5, 11, 105
9, 23792, Note_off_c, 5, 78, 64
9, 23796, Note_off_c, 5, 74, 64
9, 23804, Note_on_c, 5, 72, 84
9, 23808, Note_on_c, 5, 76, 91
9, 23808, Control_c, 5, 11, 127
9, 23832, Control_c, 5, 11, 105
9, 23856, Control_c, 5, 11, 127
9, 23880, Control_c, 5, 11, 105
9, 23904, Control_c, 5, 11, 127
9, 23928, Control_c, 5, 11, 105
9, 23952, Control_c, 5, 11, 127
9, 23976, Control_c, 5, 11, 105
9, 24000, Control_c, 5, 11, 127
9, 24024, Control_c, 5, 11, 105
9, 24048, Control_c, 5, 11, 127
9, 24072, Control_c, 5, 11, 105
9, 24096, Control_c, 5, 11, 127
9, 24120, Control_c, 5, 11, 105
9, 24144, Control_c, 5, 11, 127
9, 24168, Control_c, 5, 11, 105
9, 24176, Note_off_c, 5, 72, 64
9, 24180, Note_off_c, 5, 76, 64
9, 24194, Control_c, 5, 11, 127
9, 24196, Note_on_c, 5, 72, 78
9, 24200, Note_on_c, 5, 75, 88
9, 24216, Control_c, 5, 11, 105
9, 24240, Control_c, 5, 11, 127
9, 24264, Control_c, 5, 11, 105
9, 24288, Control_c, 5, 11, 127
9, 24312, Control_c, 5, 11, 105
9, 24336, Control_c, 5, 11, 127
9, 24360, Control_c, 5, 11, 105
9, 24384, Control_c, 5, 11, 127
9, 24408, Control_c, 5, 11, 105
9, 24432, Control_c, 5, 11, 127
9, 24456, Control_c, 5, 11, 105
9, 24480, Control_c, 5, 11, 127
9, 24504, Control_c, 5, 11, 105
9, 24528, Control_c, 5, 11, 127
9, 24552, Control_c, 5, 11, 105
9, 24564, Note_off_c, 5, 72, 64
9, 24564, Note_off_c, 5, 75, 64
9, 24570, Note_on_c, 5, 71, 87
9, 24576, Control_c, 5, 11, 127
9, 24578, Note_on_c, 5, 74, 91
9, 24600, Control_c, 5, 11, 105
9, 24624, Control_c, 5, 11, 127
9, 24648, Control_c, 5, 11, 105
9, 24672, Control_c, 5, 11, 127
9, 24696, Control_c, 5, 11, 105
9, 24720, Control_c, 5, 11, 127
9, 24744, Control_c, 5, 11, 105
9, 24768, Control_c, 5, 11, 127
9, 24792, Control_c, 5, 11, 105
9, 24816, Control_c, 5, 11, 127
9, 24840, Control_c, 5, 11, 105
9, 24864, Control_c, 5, 11, 127
9, 24888, Control_c, 5, 11, 105
9, 24912, Control_c, 5, 11, 127
9, 24936, Control_c, 5, 11, 105
9, 24960, Control_c, 5, 11, 127
9, 24984, Control_c, 5, 11, 105
9, 25008, Control_c, 5, 11, 127
9, 25032, Control_c, 5, 11, 105
9, 25056, Control_c, 5, 11, 127
9, 25080, Control_c, 5, 11, 105
9, 25104, Control_c, 5, 11, 127
9, 25128, Control_c, 5, 11, 105
9, 25138, Note_off_c, 5, 71, 64
9, 25138, Note_off_c, 5, 74, 64
9, 25148, Note_on_c, 5, 74, 86
9, 25152, Control_c, 5, 11, 127
9, 25160, Note_on_c, 5, 78, 88
9, 25176, Control_c, 5, 11, 105
9, 25200, Control_c, 5, 11, 127
9, 25224, Control_c, 5, 11, 105
9, 25248, Control_c, 5, 11, 127
9, 25272, Control_c, 5, 11, 105
9, 25296, Control_c, 5, 11, 127
9, 25320, Control_c, 5, 11, 105
9, 25328, Note_off_c, 5, 74, 64
9, 25330, Note_off_c, 5, 78, 64
9, 25340, Note_on_c, 5, 72, 84
9, 25342, Control_c, 5, 11, 127
9, 25344, Note_on_c, 5, 76, 91
9, 25368, Control_c, 5, 11, 105
9, 25392, Control_c, 5, 11, 127
9, 25416, Control_c, 5, 11, 105
9, 25440, Control_c, 5, 11, 127
9, 25464, Control_c, 5, 11, 105
9, 25488, Control_c, 5, 11, 127
9, 25512, Control_c, 5, 11, 105
9, 25536, Control_c, 5, 11, 127
9, 25560, Control_c, 5, 11, 105
9, 25584, Control_c, 5, 11, 127
9, 25608, Control_c, 5, 11, 105
9, 25632, Control_c, 5, 11, 127
9, 25656, Control_c, 5, 11, 105
9, 25680, Control_c, 5, 11, 127
9, 25704, Control_c, 5, 11, 105
9, 25716, Note_off_c, 5, 72, 64
9, 25716, Note_off_c, 5, 76, 64
9, 25732, Note_on_c, 5, 72, 78
9, 25736, Note_on_c, 5, 75, 88
9, 25776, Control_c, 5, 11, 127
9, 25800, Control_c, 5, 11, 105
9, 25824, Control_c, 5, 11, 127
9, 25848, Control_c, 5, 11, 105
9, 25872, Control_c, 5, 11, 127
9, 25896, Control_c, 5, 11, 105
9, 25920, Control_c, 5, 11, 127
9, 25944, Control_c, 5, 11, 105
9, 25968, Control_c, 5, 11, 127
9, 25992, Control_c, 5, 11, 105
9, 26016, Control_c, 5, 11, 127
9, 26040, Control_c, 5, 11, 105
9, 26064, Control_c, 5, 11, 127
9, 26088, Control_c, 5, 11, 105
9, 26100, Note_off_c, 5, 72, 64
9, 26108, Note_off_c, 5, 75, 64
9, 26112, Note_on_c, 5, 71, 87
9, 26112, Control_c, 5, 11, 127
9, 26116, Note_on_c, 5, 74, 91
9, 26136, Control_c, 5, 11, 105
9, 26160, Control_c, 5, 11, 127
9, 26184, Control_c, 5, 11, 105
9, 26208, Control_c, 5, 11, 127
9, 26232, Control_c, 5, 11, 105
9, 26256, Control_c, 5, 11, 127
9, 26280, Control_c, 5, 11, 105
9, 26304, Control_c, 5, 11, 127
9, 26328, Control_c, 5, 11, 105
9, 26352, Control_c, 5, 11, 127
9, 26376, Control_c, 5, 11, 105
9, 26400, Control_c, 5, 11, 127
9, 26424, Control_c, 5, 11, 105
9, 26448, Control_c, 5, 11, 127
9, 26472, Control_c, 5, 11, 105
9, 26496, Control_c, 5, 11, 127
9, 26520, Control_c, 5, 11, 105
9, 26544, Control_c, 5, 11, 127
9, 26568, Control_c, 5, 11, 105
9, 26592, Control_c, 5, 11, 127
9, 26616, Control_c, 5, 11, 105
9, 26640, Control_c, 5, 11, 127
9, 26664, Control_c, 5, 11, 105
9, 26674, Note_off_c, 5, 71, 64
9, 26676, Note_off_c, 5, 74, 64
9, 26684, Note_on_c, 5, 71, 86
9, 26688, Control_c, 5, 11, 127
9, 26696, Note_on_c, 5, 74, 88
9, 26712, Control_c, 5, 11, 105
9, 26736, Control_c, 5, 11, 127
9, 26760, Control_c, 5, 11, 105
9, 26784, Control_c, 5, 11, 127
9, 26808, Control_c, 5, 11, 105
9, 26832, Control_c, 5, 11, 127
9, 26856, Control_c, 5, 11, 105
9, 26868, Note_off_c, 5, 71, 64
9, 26874, Note_off_c, 5, 74, 64
9, 26880, Control_c, 5, 11, 127
9, 26880, Note_on_c, 5, 69, 84
9, 26884, Note_on_c, 5, 72, 91
9, 26904, Control_c, 5, 11, 105
9, 26928, Control_c, 5, 11, 127
9, 26952, Control_c, 5, 11, 105
9, 26976, Control_c, 5, 11, 127
9, 27000, Control_c, 5, 11, 105
9, 27024, Control_c, 5, 11, 127
9, 27048, Control_c, 5, 11, 105
9, 27072, Control_c, 5, 11, 127
9, 27096, Control_c, 5, 11, 105
9, 27120, Control_c, 5, 11, 127
9, 27144, Control_c, 5, 11, 105
9, 27168, Control_c, 5, 11, 127
9, 27192, Control_c, 5, 11, 105
9, 27216, Control_c, 5, 11, 127
9, 27240, Control_c, 5, 11, 105
9, 27264, Control_c, 5, 11, 127
9, 27288, Control_c, 5, 11, 105
9, 27312, Control_c, 5, 11, 127
9, 27336, Control_c, 5, 11, 105
9, 27360, Control_c, 5, 11, 127
9, 27384, Control_c, 5, 11, 105
9, 27408, Control_c, 5, 11, 127
9, 27432, Control_c, 5, 11, 105
9, 27456, Control_c, 5, 11, 127
9, 27480, Control_c, 5, 11, 105
9, 27504, Control_c, 5, 11, 127
9, 27528, Control_c, 5, 11, 105
9, 27552, Control_c, 5, 11, 127
9, 27576, Control_c, 5, 11, 105
9, 27600, Control_c, 5, 11, 127
9, 27604, Note_off_c, 5, 69, 64
9, 27608, Note_off_c, 5, 72, 64
9, 27844, Note_on_c, 5, 71, 83
9, 27850, Note_on_c, 5, 74, 91
9, 27864, Control_c, 5, 11, 105
9, 27888, Control_c, 5, 11, 127
9, 27912, Control_c, 5, 11, 105
9, 27936, Control_c, 5, 11, 127
9, 27960, Control_c, 5, 11, 105
9, 27984, Control_c, 5, 11, 127
9, 28008, Control_c, 5, 11, 105
9, 28012, Note_off_c, 5, 71, 64
9, 28020, Note_off_c, 5, 74, 64
9, 28032, Control_c, 5, 11, 127
9, 28032, Note_on_c, 5, 71, 83
9, 28040, Note_on_c, 5, 74, 84
9, 28056, Control_c, 5, 11, 105
9, 28080, Control_c, 5, 11, 127
9, 28104, Control_c, 5, 11, 105
9, 28128, Control_c, 5, 11, 127
9, 28152, Control_c, 5, 11, 105
9, 28176, Control_c, 5, 11, 127
9, 28200, Control_c, 5, 11, 105
9, 28224, Control_c, 5, 11, 127
9, 28248, Control_c, 5, 11, 105
9, 28272, Control_c, 5, 11, 127
9, 28296, Control_c, 5, 11, 105
9, 28320, Control_c, 5, 11, 127
9, 28344, Control_c, 5, 11, 105
9, 28368, Control_c, 5, 11, 127
9, 28392, Control_c, 5, 11, 105
9, 28400, Note_off_c, 5, 71, 64
9, 28400, Note_off_c, 5, 74, 64
9, 28416, Note_on_c, 5, 70, 88
9, 28416, Note_on_c, 5, 75, 93
9, 28464, Control_c, 5, 11, 127
9, 28488, Note_off_c, 5, 75, 64
9, 28488, Control_c, 5, 11, 105
9, 28490, Note_off_c, 5, 70, 64
9, 29696, Note_on_c, 5, 75, 73
9, 29712, Control_c, 5, 11, 127
9, 29736, Control_c, 5, 11, 105
9, 29744, Note_off_c, 5, 75, 64
9, 29760, Control_c, 5, 11, 127
9, 29760, Note_on_c, 5, 79, 98
9, 29784, Control_c, 5, 11, 105
9, 29804, Note_off_c, 5, 79, 64
9, 29822, Control_c, 5, 11, 127
9, 29824, Note_on_c, 5, 75, 87
9, 29832, Control_c, 5, 11, 105
9, 29856, Control_c, 5, 11, 127
9, 29868, Note_off_c, 5, 75, 64
9, 29886, Control_c, 5, 11, 105
9, 29888, Note_on_c, 5, 79, 95
9, 29904, Control_c, 5, 11, 127
9, 29928, Control_c, 5, 11, 105
9, 29932, Note_off_c, 5, 79, 64
9, 29948, Note_on_c, 5, 73, 84
9, 29952, Note_on_c, 5, 77, 91
9, 29952, Control_c, 5, 11, 127
9, 29976, Control_c, 5, 11, 105
9, 30000, Control_c, 5, 11, 127
9, 30024, Control_c, 5, 11, 105
9, 30048, Control_c, 5, 11, 127
9, 30072, Control_c, 5, 11, 105
9, 30096, Control_c, 5, 11, 127
9, 30120, Control_c, 5, 11, 105
9, 30144, Control_c, 5, 11, 127
9, 30168, Control_c, 5, 11, 105
9, 30192, Control_c, 5, 11, 127
9, 30216, Control_c, 5, 11, 105
9, 30240, Control_c, 5, 11, 127
9, 30264, Control_c, 5, 11, 105
9, 30288, Control_c, 5, 11, 127
9, 30312, Control_c, 5, 11, 105
9, 30316, Note_off_c, 5, 73, 64
9, 30320, Note_off_c, 5, 77, 64
9, 30338, Control_c, 5, 11, 127
9, 30340, Note_on_c, 5, 73, 78
9, 30344, Note_on_c, 5, 76, 88
9, 30360, Control_c, 5, 11, 105
9, 30384, Control_c, 5, 11, 127
9, 30408, Control_c, 5, 11, 105
9, 30432, Control_c, 5, 11, 127
9, 30456, Control_c, 5, 11, 105
9, 30480, Control_c, 5, 11, 127
9, 30504, Control_c, 5, 11, 105
9, 30528, Control_c, 5, 11, 127
9, 30552, Control_c, 5, 11, 105
9, 30576, Control_c, 5, 11, 127
9, 30600, Control_c, 5, 11, 105
9, 30624, Control_c, 5, 11, 127
9, 30648, Control_c, 5, 11, 105
9, 30672, Control_c, 5, 11, 127
9, 30696, Control_c, 5, 11, 105
9, 30704, Note_off_c, 5, 73, 64
9, 30708, Note_off_c, 5, 76, 64
9, 30714, Note_on_c, 5, 72, 78
9, 30718, Control_c, 5, 11, 127
9, 30720, Note_on_c, 5, 75, 89
9, 30744, Control_c, 5, 11, 105
9, 30768, Control_c, 5, 11, 127
9, 30792, Control_c, 5, 11, 105
9, 30816, Control_c, 5, 11, 127
9, 30840, Control_c, 5, 11, 105
9, 30864, Control_c, 5, 11, 127
9, 30888, Control_c, 5, 11, 105
9, 30912, Control_c, 5, 11, 127
9, 30936, Control_c, 5, 11, 105
9, 30960, Control_c, 5, 11, 127
9, 30984, Control_c, 5, 11, 105
9, 31008, Control_c, 5, 11, 127
9, 31032, Control_c, 5, 11, 105
9, 31056, Control_c, 5, 11, 127
9, 31080, Control_c, 5, 11, 105
9, 31104, Control_c, 5, 11, 127
9, 31128, Control_c, 5, 11, 105
9, 31152, Control_c, 5, 11, 127
9, 31176, Control_c, 5, 11, 105
9, 31200, Control_c, 5, 11, 127
9, 31224, Control_c, 5, 11, 105
9, 31248, Control_c, 5, 11, 127
9, 31272, Control_c, 5, 11, 105
9, 31276, Note_off_c, 5, 72, 64
9, 31282, Note_off_c, 5, 75, 64
9, 31292, Note_on_c, 5, 75, 73
9, 31294, Control_c, 5, 11, 127
9, 31296, Note_on_c, 5, 79, 93
9, 31320, Control_c, 5, 11, 105
9, 31344, Control_c, 5, 11, 127
9, 31346, Note_off_c, 5, 79, 64
9, 31352, Note_off_c, 5, 75, 64
9, 31354, Note_on_c, 5, 72, 67
9, 31360, Note_on_c, 5, 75, 80
9, 31368, Control_c, 5, 11, 105
9, 31392, Control_c, 5, 11, 127
9, 31402, Note_off_c, 5, 72, 64
9, 31416, Note_off_c, 5, 75, 64
9, 31416, Control_c, 5, 11, 105
9, 31424, Note_on_c, 5, 75, 87
9, 31426, Note_on_c, 5, 79, 69
9, 31440, Control_c, 5, 11, 127
9, 31464, Control_c, 5, 11, 105
9, 31474, Note_off_c, 5, 75, 64
9, 31482, Note_off_c, 5, 79, 64
9, 31484, Note_on_c, 5, 73, 84
9, 31486, Control_c, 5, 11, 127
9, 31488, Note_on_c, 5, 77, 91
9, 31512, Control_c, 5, 11, 105
9, 31536, Control_c, 5, 11, 127
9, 31560, Control_c, 5, 11, 105
9, 31584, Control_c, 5, 11, 127
9, 31608, Control_c, 5, 11, 105
9, 31632, Control_c, 5, 11, 127
9, 31656, Control_c, 5, 11, 105
9, 31680, Control_c, 5, 11, 127
9, 31704, Control_c, 5, 11, 105
9, 31728, Control_c, 5, 11, 127
9, 31752, Control_c, 5, 11, 105
9, 31776, Control_c, 5, 11, 127
9, 31800, Control_c, 5, 11, 105
9, 31824, Control_c, 5, 11, 127
9, 31848, Control_c, 5, 11, 105
9, 31852, Note_off_c, 5, 73, 64
9, 31856, Note_off_c, 5, 77, 64
9, 31876, Note_on_c, 5, 73, 78
9, 31880, Note_on_c, 5, 76, 88
9, 31920, Control_c, 5, 11, 127
9, 31944, Control_c, 5, 11, 105
9, 31968, Control_c, 5, 11, 127
9, 31992, Control_c, 5, 11, 105
9, 32016, Control_c, 5, 11, 127
9, 32040, Control_c, 5, 11, 105
9, 32064, Control_c, 5, 11, 127
9, 32088, Control_c, 5, 11, 105
9, 32112, Control_c, 5, 11, 127
9, 32136, Control_c, 5, 11, 105
9, 32160, Control_c, 5, 11, 127
9, 32184, Control_c, 5, 11, 105
9, 32208, Control_c, 5, 11, 127
9, 32232, Control_c, 5, 11, 105
9, 32240, Note_off_c, 5, 73, 64
9, 32244, Note_off_c, 5, 76, 64
9, 32250, Note_on_c, 5, 72, 78
9, 32256, Note_on_c, 5, 75, 89
9, 32256, Control_c, 5, 11, 127
9, 32280, Control_c, 5, 11, 105
9, 32304, Control_c, 5, 11, 127
9, 32328, Control_c, 5, 11, 105
9, 32352, Control_c, 5, 11, 127
9, 32376, Control_c, 5, 11, 105
9, 32400, Control_c, 5, 11, 127
9, 32424, Control_c, 5, 11, 105
9, 32448, Control_c, 5, 11, 127
9, 32472, Control_c, 5, 11, 105
9, 32496, Control_c, 5, 11, 127
9, 32520, Control_c, 5, 11, 105
9, 32544, Control_c, 5, 11, 127
9, 32568, Control_c, 5, 11, 105
9, 32592, Control_c, 5, 11, 127
9, 32616, Control_c, 5, 11, 105
9, 32640, Control_c, 5, 11, 127
9, 32664, Control_c, 5, 11, 105
9, 32688, Control_c, 5, 11, 127
9, 32712, Control_c, 5, 11, 105
9, 32736, Control_c, 5, 11, 127
9, 32760, Control_c, 5, 11, 105
9, 32784, Control_c, 5, 11, 127
9, 32808, Control_c, 5, 11, 105
9, 32812, Note_off_c, 5, 72, 64
9, 32818, Note_off_c, 5, 75, 64
9, 32828, Note_on_c, 5, 72, 73
9, 32830, Control_c, 5, 11, 127
9, 32832, Note_on_c, 5, 75, 93
9, 32856, Control_c, 5, 11, 105
9, 32880, Control_c, 5, 11, 127
9, 32882, Note_off_c, 5, 75, 64
9, 32888, Note_off_c, 5, 72, 64
9, 32890, Note_on_c, 5, 68, 64
9, 32896, Note_on_c, 5, 72, 80
9, 32904, Control_c, 5, 11, 105
9, 32928, Control_c, 5, 11, 127
9, 32938, Note_off_c, 5, 68, 64
9, 32952, Note_off_c, 5, 72, 64
9, 32952, Control_c, 5, 11, 105
9, 32960, Note_on_c, 5, 72, 87
9, 32962, Note_on_c, 5, 75, 69
9, 32976, Control_c, 5, 11, 127
9, 33000, Control_c, 5, 11, 105
9, 33016, Note_off_c, 5, 72, 64
9, 33022, Note_off_c, 5, 75, 64
9, 33024, Control_c, 5, 11, 127
9, 33026, Note_on_c, 5, 70, 78
9, 33034, Note_on_c, 5, 73, 89
9, 33048, Control_c, 5, 11, 105
9, 33072, Control_c, 5, 11, 127
9, 33096, Control_c, 5, 11, 105
9, 33120, Control_c, 5, 11, 127
9, 33144, Control_c, 5, 11, 105
9, 33168, Control_c, 5, 11, 127
9, 33192, Control_c, 5, 11, 105
9, 33216, Control_c, 5, 11, 127
9, 33240, Control_c, 5, 11, 105
9, 33264, Control_c, 5, 11, 127
9, 33288, Control_c, 5, 11, 105
9, 33312, Control_c, 5, 11, 127
9, 33336, Control_c, 5, 11, 105
9, 33360, Control_c, 5, 11, 127
9, 33384, Control_c, 5, 11, 105
9, 33408, Control_c, 5, 11, 127
9, 33432, Control_c, 5, 11, 105
9, 33456, Control_c, 5, 11, 127
9, 33480, Control_c, 5, 11, 105
9, 33504, Control_c, 5, 11, 127
9, 33528, Control_c, 5, 11, 105
9, 33552, Control_c, 5, 11, 127
9, 33576, Control_c, 5, 11, 105
9, 33600, Control_c, 5, 11, 127
9, 33624, Control_c, 5, 11, 105
9, 33648, Control_c, 5, 11, 127
9, 33672, Control_c, 5, 11, 105
9, 33696, Control_c, 5, 11, 127
9, 33720, Control_c, 5, 11, 105
9, 33744, Control_c, 5, 11, 127
9, 33768, Control_c, 5, 11, 105
9, 33788, Note_off_c, 5, 70, 64
9, 33792, Control_c, 5, 11, 127
9, 33794, Note_off_c, 5, 73, 64
9, 34946, Note_on_c, 5, 75, 78
9, 34954, Note_on_c, 5, 79, 89
9, 34968, Control_c, 5, 11, 105
9, 34992, Control_c, 5, 11, 127
9, 35016, Control_c, 5, 11, 105
9, 35040, Control_c, 5, 11, 127
9, 35064, Control_c, 5, 11, 105
9, 35088, Control_c, 5, 11, 127
9, 35112, Control_c, 5, 11, 105
9, 35136, Control_c, 5, 11, 127
9, 35160, Control_c, 5, 11, 105
9, 35184, Control_c, 5, 11, 127
9, 35208, Control_c, 5, 11, 105
9, 35232, Control_c, 5, 11, 127
9, 35256, Control_c, 5, 11, 105
9, 35280, Control_c, 5, 11, 127
9, 35304, Control_c, 5, 11, 105
9, 35322, Note_off_c, 5, 75, 64
9, 35322, Note_off_c, 5, 79, 64
9, 35328, Note_on_c, 5, 73, 78
9, 35336, Note_on_c, 5, 77, 83
9, 35376, Control_c, 5, 11, 127
9, 35400, Control_c, 5, 11, 105
9, 35424, Control_c, 5, 11, 127
9, 35448, Control_c, 5, 11, 105
9, 35472, Control_c, 5, 11, 127
9, 35496, Control_c, 5, 11, 105
9, 35520, Control_c, 5, 11, 127
9, 35544, Control_c, 5, 11, 105
9, 35568, Control_c, 5, 11, 127
9, 35592, Control_c, 5, 11, 105
9, 35616, Control_c, 5, 11, 127
9, 35640, Control_c, 5, 11, 105
9, 35664, Control_c, 5, 11, 127
9, 35688, Control_c, 5, 11, 105
9, 35696, Note_off_c, 5, 73, 64
9, 35698, Note_off_c, 5, 77, 64
9, 35712, Note_on_c, 5, 73, 69
9, 35712, Control_c, 5, 11, 127
9, 35724, Note_on_c, 5, 76, 83
9, 35736, Control_c, 5, 11, 105
9, 35760, Control_c, 5, 11, 127
9, 35784, Control_c, 5, 11, 105
9, 35808, Control_c, 5, 11, 127
9, 35832, Control_c, 5, 11, 105
9, 35856, Control_c, 5, 11, 127
9, 35880, Control_c, 5, 11, 105
9, 35904, Control_c, 5, 11, 127
9, 35928, Control_c, 5, 11, 105
9, 35952, Control_c, 5, 11, 127
9, 35976, Control_c, 5, 11, 105
9, 36000, Control_c, 5, 11, 127
9, 36024, Control_c, 5, 11, 105
9, 36048, Control_c, 5, 11, 127
9, 36072, Control_c, 5, 11, 105
9, 36084, Note_off_c, 5, 76, 64
9, 36090, Note_off_c, 5, 73, 64
9, 36272, Note_on_c, 5, 68, 77
9, 36272, Note_on_c, 5, 72, 89
9, 36288, Control_c, 5, 11, 127
9, 36312, Control_c, 5, 11, 105
9, 36336, Control_c, 5, 11, 127
9, 36346, Note_off_c, 5, 68, 64
9, 36360, Control_c, 5, 11, 105
9, 36368, Note_off_c, 5, 72, 64
9, 36368, Note_on_c, 5, 73, 82
9, 36370, Note_on_c, 5, 70, 81
9, 36384, Control_c, 5, 11, 127
9, 36408, Control_c, 5, 11, 105
9, 36432, Control_c, 5, 11, 127
9, 36448, Note_off_c, 5, 73, 64
9, 36450, Note_off_c, 5, 70, 64
9, 36466, Note_on_c, 5, 75, 77
9, 36468, Note_on_c, 5, 72, 80
9, 36504, Control_c, 5, 11, 105
9, 36528, Control_c, 5, 11, 127
9, 36552, Control_c, 5, 11, 105
9, 36554, Note_off_c, 5, 75, 64
9, 36566, Note_off_c, 5, 72, 64
9, 36572, Note_on_c, 5, 75, 73
9, 36572, Note_on_c, 5, 79, 80
9, 36576, Control_c, 5, 11, 127
9, 36600, Control_c, 5, 11, 105
9, 36624, Control_c, 5, 11, 127
9, 36644, Note_off_c, 5, 79, 64
9, 36662, Note_off_c, 5, 75, 64
9, 36672, Note_on_c, 5, 68, 73
9, 36684, Note_on_c, 5, 72, 79
9, 36688, Note_on_c, 5, 75, 57
9, 36696, Control_c, 5, 11, 105
9, 36704, Note_on_c, 5, 77, 62
9, 36720, Control_c, 5, 11, 127
9, 36744, Control_c, 5, 11, 105
9, 36768, Control_c, 5, 11, 127
9, 36792, Control_c, 5, 11, 105
9, 36816, Control_c, 5, 11, 127
9, 36840, Control_c, 5, 11, 105
9, 36864, Control_c, 5, 11, 127
9, 36888, Control_c, 5, 11, 105
9, 36912, Control_c, 5, 11, 127
9, 36936, Control_c, 5, 11, 105
9, 36960, Control_c, 5, 11, 127
9, 36984, Control_c, 5, 11, 105
9, 37008, Control_c, 5, 11, 127
9, 37032, Control_c, 5, 11, 105
9, 37042, Note_off_c, 5, 75, 64
9, 37042, Note_off_c, 5, 68, 64
9, 37044, Note_off_c, 5, 77, 64
9, 37044, Note_off_c, 5, 72, 64
9, 37044, End_track
10, 0, Start_track
10, 0, MIDI_port, 0
10, 0, Title_t, "PUT YOUR HEAD ON  7 "
10, 256, Program_c, 6, 75
10, 258, Control_c, 6, 7, 80
10, 258, Control_c, 6, 10, 45
10, 258, Control_c, 6, 11, 127
10, 260, Control_c, 6, 91, 70
10, 260, Control_c, 6, 93, 30
10, 768, Note_on_c, 6, 74, 88
10, 768, Note_on_c, 6, 67, 70
10, 768, Note_on_c, 6, 71, 77
10, 770, Control_c, 6, 1, 0
10, 770, Pitch_bend_c, 6, 8192
10, 1276, Note_off_c, 6, 74, 64
10, 1276, Note_off_c, 6, 67, 64
10, 1276, Note_off_c, 6, 71, 64
10, 1280, Note_on_c, 6, 71, 68
10, 1280, Note_on_c, 6, 74, 77
10, 1280, Note_on_c, 6, 67, 66
10, 1340, Note_off_c, 6, 71, 64
10, 1340, Note_off_c, 6, 74, 64
10, 1340, Note_off_c, 6, 67, 64
10, 1344, Note_on_c, 6, 78, 82
10, 1344, Note_on_c, 6, 74, 84
10, 1344, Note_on_c, 6, 71, 79
10, 1404, Note_off_c, 6, 78, 64
10, 1404, Note_off_c, 6, 74, 64
10, 1404, Note_off_c, 6, 71, 64
10, 1408, Note_on_c, 6, 67, 72
10, 1408, Note_on_c, 6, 74, 80
10, 1408, Note_on_c, 6, 71, 69
10, 1468, Note_off_c, 6, 67, 64
10, 1468, Note_off_c, 6, 74, 64
10, 1468, Note_off_c, 6, 71, 64
10, 1472, Note_on_c, 6, 71, 75
10, 1472, Note_on_c, 6, 74, 80
10, 1472, Note_on_c, 6, 78, 85
10, 1532, Note_off_c, 6, 71, 64
10, 1532, Note_off_c, 6, 74, 64
10, 1532, Note_off_c, 6, 78, 64
10, 1536, Note_on_c, 6, 67, 78
10, 1536, Note_on_c, 6, 76, 88
10, 1536, Note_on_c, 6, 72, 80
10, 1916, Note_off_c, 6, 67, 64
10, 1916, Note_off_c, 6, 76, 64
10, 1916, Note_off_c, 6, 72, 64
10, 1920, Note_on_c, 6, 66, 70
10, 1920, Note_on_c, 6, 75, 82
10, 1920, Note_on_c, 6, 72, 87
10, 2300, Note_off_c, 6, 66, 64
10, 2300, Note_off_c, 6, 75, 64
10, 2300, Note_off_c, 6, 72, 64
10, 2304, Note_on_c, 6, 74, 81
10, 2304, Note_on_c, 6, 67, 85
10, 2304, Note_on_c, 6, 71, 80
10, 2556, Note_off_c, 6, 67, 64
10, 2556, Note_off_c, 6, 71, 64
10, 2560, Note_off_c, 6, 74, 64
10, 2560, Note_on_c, 6, 71, 71
10, 2560, Note_on_c, 6, 62, 70
10, 2560, Note_on_c, 6, 67, 86
10, 2620, Note_off_c, 6, 71, 64
10, 2620, Note_off_c, 6, 62, 64
10, 2620, Note_off_c, 6, 67, 64
10, 2624, Note_on_c, 6, 74, 80
10, 2624, Note_on_c, 6, 71, 80
10, 2624, Note_on_c, 6, 67, 80
10, 2684, Note_off_c, 6, 74, 64
10, 2684, Note_off_c, 6, 71, 64
10, 2684, Note_off_c, 6, 67, 64
10, 2688, Note_on_c, 6, 76, 78
10, 2688, Note_on_c, 6, 72, 79
10, 2688, Note_on_c, 6, 67, 73
10, 2940, Note_off_c, 6, 76, 64
10, 2940, Note_off_c, 6, 72, 64
10, 2940, Note_off_c, 6, 67, 64
10, 2944, Note_on_c, 6, 64, 70
10, 2944, Note_on_c, 6, 72, 69
10, 2944, Note_on_c, 6, 69, 73
10, 3004, Note_off_c, 6, 64, 64
10, 3004, Note_off_c, 6, 72, 64
10, 3004, Note_off_c, 6, 69, 64
10, 3008, Note_on_c, 6, 76, 80
10, 3008, Note_on_c, 6, 72, 85
10, 3008, Note_on_c, 6, 67, 80
10, 3068, Note_off_c, 6, 76, 64
10, 3068, Note_off_c, 6, 72, 64
10, 3068, Note_off_c, 6, 67, 64
10, 3072, Note_on_c, 6, 74, 86
10, 3072, Note_on_c, 6, 71, 81
10, 3072, Note_on_c, 6, 67, 78
10, 3132, Note_off_c, 6, 74, 64
10, 3132, Note_off_c, 6, 71, 64
10, 3132, Note_off_c, 6, 67, 64
10, 10496, Note_on_c, 6, 71, 81
10, 10496, Note_on_c, 6, 74, 92
10, 10496, Note_on_c, 6, 67, 79
10, 10556, Note_off_c, 6, 71, 64
10, 10556, Note_off_c, 6, 74, 64
10, 10556, Note_off_c, 6, 67, 64
10, 10560, Note_on_c, 6, 78, 98
10, 10560, Note_on_c, 6, 74, 100
10, 10560, Note_on_c, 6, 71, 94
10, 10620, Note_off_c, 6, 78, 64
10, 10620, Note_off_c, 6, 74, 64
10, 10620, Note_off_c, 6, 71, 64
10, 10624, Note_on_c, 6, 67, 86
10, 10624, Note_on_c, 6, 74, 96
10, 10624, Note_on_c, 6, 71, 82
10, 10684, Note_off_c, 6, 67, 64
10, 10684, Note_off_c, 6, 74, 64
10, 10684, Note_off_c, 6, 71, 64
10, 10688, Note_on_c, 6, 71, 90
10, 10688, Note_on_c, 6, 74, 96
10, 10688, Note_on_c, 6, 78, 102
10, 10748, Note_off_c, 6, 71, 64
10, 10748, Note_off_c, 6, 74, 64
10, 10748, Note_off_c, 6, 78, 64
10, 10752, Note_on_c, 6, 67, 93
10, 10752, Note_on_c, 6, 76, 105
10, 10752, Note_on_c, 6, 72, 96
10, 11132, Note_off_c, 6, 67, 64
10, 11132, Note_off_c, 6, 76, 64
10, 11132, Note_off_c, 6, 72, 64
10, 11136, Note_on_c, 6, 66, 84
10, 11136, Note_on_c, 6, 75, 98
10, 11136, Note_on_c, 6, 72, 104
10, 11516, Note_off_c, 6, 66, 64
10, 11516, Note_off_c, 6, 75, 64
10, 11516, Note_off_c, 6, 72, 64
10, 12032, Note_on_c, 6, 71, 81
10, 12032, Note_on_c, 6, 74, 92
10, 12032, Note_on_c, 6, 67, 79
10, 12092, Note_off_c, 6, 71, 64
10, 12092, Note_off_c, 6, 74, 64
10, 12092, Note_off_c, 6, 67, 64
10, 12096, Note_on_c, 6, 78, 98
10, 12096, Note_on_c, 6, 74, 100
10, 12096, Note_on_c, 6, 71, 94
10, 12156, Note_off_c, 6, 78, 64
10, 12156, Note_off_c, 6, 74, 64
10, 12156, Note_off_c, 6, 71, 64
10, 12160, Note_on_c, 6, 67, 86
10, 12160, Note_on_c, 6, 74, 96
10, 12160, Note_on_c, 6, 71, 82
10, 12220, Note_off_c, 6, 67, 64
10, 12220, Note_off_c, 6, 74, 64
10, 12220, Note_off_c, 6, 71, 64
10, 12224, Note_on_c, 6, 71, 90
10, 12224, Note_on_c, 6, 74, 96
10, 12224, Note_on_c, 6, 78, 102
10, 12284, Note_off_c, 6, 71, 64
10, 12284, Note_off_c, 6, 74, 64
10, 12284, Note_off_c, 6, 78, 64
10, 12288, Note_on_c, 6, 67, 93
10, 12288, Note_on_c, 6, 76, 105
10, 12288, Note_on_c, 6, 72, 96
10, 12668, Note_off_c, 6, 67, 64
10, 12668, Note_off_c, 6, 76, 64
10, 12668, Note_off_c, 6, 72, 64
10, 12672, Note_on_c, 6, 66, 84
10, 12672, Note_on_c, 6, 75, 98
10, 12672, Note_on_c, 6, 72, 104
10, 13052, Note_off_c, 6, 66, 64
10, 13052, Note_off_c, 6, 75, 64
10, 13052, Note_off_c, 6, 72, 64
10, 13568, Note_on_c, 6, 71, 81
10, 13568, Note_on_c, 6, 74, 92
10, 13568, Note_on_c, 6, 67, 79
10, 13628, Note_off_c, 6, 71, 64
10, 13628, Note_off_c, 6, 74, 64
10, 13628, Note_off_c, 6, 67, 64
10, 13632, Note_on_c, 6, 78, 98
10, 13632, Note_on_c, 6, 74, 100
10, 13632, Note_on_c, 6, 71, 94
10, 13692, Note_off_c, 6, 78, 64
10, 13692, Note_off_c, 6, 74, 64
10, 13692, Note_off_c, 6, 71, 64
10, 13696, Note_on_c, 6, 67, 86
10, 13696, Note_on_c, 6, 74, 96
10, 13696, Note_on_c, 6, 71, 82
10, 13756, Note_off_c, 6, 67, 64
10, 13756, Note_off_c, 6, 74, 64
10, 13756, Note_off_c, 6, 71, 64
10, 13760, Note_on_c, 6, 71, 90
10, 13760, Note_on_c, 6, 74, 96
10, 13760, Note_on_c, 6, 78, 102
10, 13820, Note_off_c, 6, 71, 64
10, 13820, Note_off_c, 6, 74, 64
10, 13820, Note_off_c, 6, 78, 64
10, 13824, Note_on_c, 6, 67, 93
10, 13824, Note_on_c, 6, 76, 105
10, 13824, Note_on_c, 6, 72, 96
10, 14204, Note_off_c, 6, 67, 64
10, 14204, Note_off_c, 6, 76, 64
10, 14204, Note_off_c, 6, 72, 64
10, 14208, Note_on_c, 6, 66, 84
10, 14208, Note_on_c, 6, 75, 98
10, 14208, Note_on_c, 6, 72, 104
10, 14588, Note_off_c, 6, 66, 64
10, 14588, Note_off_c, 6, 75, 64
10, 14588, Note_off_c, 6, 72, 64
10, 16128, Note_on_c, 6, 69, 73
10, 16128, Note_on_c, 6, 72, 86
10, 16128, Note_on_c, 6, 62, 80
10, 16128, Note_on_c, 6, 66, 82
10, 16184, Note_off_c, 6, 69, 64
10, 16184, Note_off_c, 6, 72, 64
10, 16184, Note_off_c, 6, 62, 64
10, 16184, Note_off_c, 6, 66, 64
10, 16192, Note_on_c, 6, 69, 80
10, 16192, Note_on_c, 6, 62, 81
10, 16192, Note_on_c, 6, 72, 75
10, 16192, Note_on_c, 6, 66, 84
10, 16248, Note_off_c, 6, 69, 64
10, 16248, Note_off_c, 6, 62, 64
10, 16248, Note_off_c, 6, 72, 64
10, 16248, Note_off_c, 6, 66, 64
10, 16256, Note_on_c, 6, 62, 71
10, 16256, Note_on_c, 6, 69, 86
10, 16256, Note_on_c, 6, 72, 92
10, 16256, Note_on_c, 6, 66, 91
10, 16312, Note_off_c, 6, 62, 64
10, 16312, Note_off_c, 6, 69, 64
10, 16312, Note_off_c, 6, 72, 64
10, 16312, Note_off_c, 6, 66, 64
10, 16320, Note_on_c, 6, 62, 78
10, 16320, Note_on_c, 6, 69, 75
10, 16320, Note_on_c, 6, 66, 89
10, 16320, Note_on_c, 6, 72, 94
10, 16408, Note_off_c, 6, 69, 64
10, 16408, Note_off_c, 6, 66, 64
10, 16408, Note_off_c, 6, 72, 64
10, 16416, Note_off_c, 6, 62, 64
10, 16512, Note_on_c, 6, 66, 84
10, 16512, Note_on_c, 6, 62, 75
10, 16512, Note_on_c, 6, 72, 88
10, 16512, Note_on_c, 6, 69, 80
10, 16568, Note_off_c, 6, 66, 64
10, 16568, Note_off_c, 6, 62, 64
10, 16568, Note_off_c, 6, 72, 64
10, 16568, Note_off_c, 6, 69, 64
10, 16576, Note_on_c, 6, 69, 80
10, 16576, Note_on_c, 6, 62, 77
10, 16576, Note_on_c, 6, 66, 85
10, 16576, Note_on_c, 6, 72, 88
10, 16632, Note_off_c, 6, 69, 64
10, 16632, Note_off_c, 6, 62, 64
10, 16632, Note_off_c, 6, 66, 64
10, 16632, Note_off_c, 6, 72, 64
10, 16640, Note_on_c, 6, 62, 70
10, 16640, Note_on_c, 6, 69, 80
10, 16640, Note_on_c, 6, 66, 82
10, 16640, Note_on_c, 6, 72, 87
10, 16696, Note_off_c, 6, 62, 64
10, 16696, Note_off_c, 6, 69, 64
10, 16696, Note_off_c, 6, 66, 64
10, 16696, Note_off_c, 6, 72, 64
10, 16704, Note_on_c, 6, 69, 77
10, 16704, Note_on_c, 6, 72, 88
10, 16704, Note_on_c, 6, 66, 95
10, 16704, Note_on_c, 6, 62, 80
10, 16788, Note_off_c, 6, 72, 64
10, 16792, Note_off_c, 6, 69, 64
10, 16796, Note_off_c, 6, 62, 64
10, 16802, Note_off_c, 6, 66, 64
10, 16896, Note_on_c, 6, 62, 91
10, 16896, Note_on_c, 6, 67, 92
10, 16896, Note_on_c, 6, 71, 97
10, 16952, Note_off_c, 6, 62, 64
10, 16952, Note_off_c, 6, 67, 64
10, 16952, Note_off_c, 6, 71, 64
10, 16960, Note_on_c, 6, 62, 81
10, 16960, Note_on_c, 6, 67, 86
10, 16960, Note_on_c, 6, 71, 80
10, 17016, Note_off_c, 6, 62, 64
10, 17016, Note_off_c, 6, 67, 64
10, 17016, Note_off_c, 6, 71, 64
10, 17024, Note_on_c, 6, 62, 90
10, 17024, Note_on_c, 6, 71, 87
10, 17024, Note_on_c, 6, 67, 92
10, 17080, Note_off_c, 6, 62, 64
10, 17080, Note_off_c, 6, 71, 64
10, 17080, Note_off_c, 6, 67, 64
10, 17088, Note_on_c, 6, 62, 86
10, 17088, Note_on_c, 6, 67, 73
10, 17088, Note_on_c, 6, 71, 95
10, 17162, Note_off_c, 6, 62, 64
10, 17168, Note_off_c, 6, 71, 64
10, 17176, Note_off_c, 6, 67, 64
10, 17280, Note_on_c, 6, 67, 91
10, 17280, Note_on_c, 6, 62, 92
10, 17280, Note_on_c, 6, 71, 95
10, 17336, Note_off_c, 6, 67, 64
10, 17336, Note_off_c, 6, 62, 64
10, 17336, Note_off_c, 6, 71, 64
10, 17344, Note_on_c, 6, 67, 85
10, 17344, Note_on_c, 6, 62, 88
10, 17344, Note_on_c, 6, 71, 86
10, 17400, Note_off_c, 6, 67, 64
10, 17400, Note_off_c, 6, 62, 64
10, 17400, Note_off_c, 6, 71, 64
10, 17408, Note_on_c, 6, 67, 92
10, 17408, Note_on_c, 6, 71, 88
10, 17408, Note_on_c, 6, 62, 91
10, 17464, Note_off_c, 6, 67, 64
10, 17464, Note_off_c, 6, 71, 64
10, 17464, Note_off_c, 6, 62, 64
10, 17472, Note_on_c, 6, 67, 92
10, 17472, Note_on_c, 6, 71, 98
10, 17472, Note_on_c, 6, 62, 92
10, 17544, Note_off_c, 6, 67, 64
10, 17544, Note_off_c, 6, 71, 64
10, 17560, Note_off_c, 6, 62, 64
10, 17664, Note_on_c, 6, 66, 93
10, 17664, Note_on_c, 6, 62, 86
10, 17664, Note_on_c, 6, 72, 95
10, 17664, Note_on_c, 6, 69, 87
10, 17720, Note_off_c, 6, 66, 64
10, 17720, Note_off_c, 6, 62, 64
10, 17720, Note_off_c, 6, 72, 64
10, 17720, Note_off_c, 6, 69, 64
10, 17728, Note_on_c, 6, 69, 83
10, 17728, Note_on_c, 6, 62, 85
10, 17728, Note_on_c, 6, 72, 84
10, 17728, Note_on_c, 6, 66, 91
10, 17784, Note_off_c, 6, 69, 64
10, 17784, Note_off_c, 6, 62, 64
10, 17784, Note_off_c, 6, 72, 64
10, 17784, Note_off_c, 6, 66, 64
10, 17792, Note_on_c, 6, 69, 86
10, 17792, Note_on_c, 6, 72, 92
10, 17792, Note_on_c, 6, 62, 66
10, 17792, Note_on_c, 6, 66, 93
10, 17848, Note_off_c, 6, 69, 64
10, 17848, Note_off_c, 6, 72, 64
10, 17848, Note_off_c, 6, 62, 64
10, 17848, Note_off_c, 6, 66, 64
10, 17856, Note_on_c, 6, 69, 90
10, 17856, Note_on_c, 6, 72, 102
10, 17856, Note_on_c, 6, 62, 90
10, 17856, Note_on_c, 6, 66, 95
10, 17920, Note_off_c, 6, 72, 64
10, 17922, Note_off_c, 6, 69, 64
10, 17944, Note_off_c, 6, 62, 64
10, 17944, Note_off_c, 6, 66, 64
10, 18048, Note_on_c, 6, 66, 91
10, 18048, Note_on_c, 6, 72, 95
10, 18048, Note_on_c, 6, 69, 86
10, 18048, Note_on_c, 6, 62, 77
10, 18104, Note_off_c, 6, 66, 64
10, 18104, Note_off_c, 6, 72, 64
10, 18104, Note_off_c, 6, 69, 64
10, 18104, Note_off_c, 6, 62, 64
10, 18112, Note_on_c, 6, 69, 86
10, 18112, Note_on_c, 6, 72, 90
10, 18112, Note_on_c, 6, 62, 77
10, 18112, Note_on_c, 6, 66, 85
10, 18168, Note_off_c, 6, 69, 64
10, 18168, Note_off_c, 6, 72, 64
10, 18168, Note_off_c, 6, 62, 64
10, 18168, Note_off_c, 6, 66, 64
10, 18176, Note_on_c, 6, 69, 80
10, 18176, Note_on_c, 6, 72, 94
10, 18176, Note_on_c, 6, 62, 71
10, 18176, Note_on_c, 6, 66, 91
10, 18232, Note_off_c, 6, 69, 64
10, 18232, Note_off_c, 6, 72, 64
10, 18232, Note_off_c, 6, 62, 64
10, 18232, Note_off_c, 6, 66, 64
10, 18240, Note_on_c, 6, 69, 91
10, 18240, Note_on_c, 6, 72, 104
10, 18240, Note_on_c, 6, 62, 84
10, 18240, Note_on_c, 6, 66, 93
10, 18306, Note_off_c, 6, 69, 64
10, 18312, Note_off_c, 6, 72, 64
10, 18328, Note_off_c, 6, 62, 64
10, 18328, Note_off_c, 6, 66, 64
10, 18432, Note_on_c, 6, 71, 95
10, 18432, Note_on_c, 6, 67, 91
10, 18432, Note_on_c, 6, 62, 97
10, 18488, Note_off_c, 6, 71, 64
10, 18488, Note_off_c, 6, 67, 64
10, 18488, Note_off_c, 6, 62, 64
10, 18496, Note_on_c, 6, 67, 84
10, 18496, Note_on_c, 6, 71, 81
10, 18496, Note_on_c, 6, 62, 81
10, 18552, Note_off_c, 6, 67, 64
10, 18552, Note_off_c, 6, 71, 64
10, 18552, Note_off_c, 6, 62, 64
10, 18560, Note_on_c, 6, 67, 87
10, 18560, Note_on_c, 6, 71, 90
10, 18560, Note_on_c, 6, 62, 94
10, 18616, Note_off_c, 6, 67, 64
10, 18616, Note_off_c, 6, 71, 64
10, 18616, Note_off_c, 6, 62, 64
10, 18624, Note_on_c, 6, 71, 94
10, 18624, Note_on_c, 6, 67, 87
10, 18624, Note_on_c, 6, 62, 80
10, 18704, Note_off_c, 6, 67, 64
10, 18704, Note_off_c, 6, 62, 64
10, 18712, Note_off_c, 6, 71, 64
10, 18816, Note_on_c, 6, 62, 95
10, 18816, Note_on_c, 6, 71, 97
10, 18816, Note_on_c, 6, 67, 88
10, 18872, Note_off_c, 6, 62, 64
10, 18872, Note_off_c, 6, 71, 64
10, 18872, Note_off_c, 6, 67, 64
10, 18880, Note_on_c, 6, 62, 91
10, 18880, Note_on_c, 6, 67, 87
10, 18880, Note_on_c, 6, 71, 81
10, 18936, Note_off_c, 6, 62, 64
10, 18936, Note_off_c, 6, 67, 64
10, 18936, Note_off_c, 6, 71, 64
10, 18944, Note_on_c, 6, 67, 80
10, 18944, Note_on_c, 6, 62, 98
10, 18944, Note_on_c, 6, 71, 92
10, 19000, Note_off_c, 6, 67, 64
10, 19000, Note_off_c, 6, 62, 64
10, 19000, Note_off_c, 6, 71, 64
10, 19008, Note_on_c, 6, 67, 88
10, 19008, Note_on_c, 6, 62, 88
10, 19008, Note_on_c, 6, 71, 92
10, 19064, Note_off_c, 6, 67, 64
10, 19064, Note_off_c, 6, 62, 64
10, 19064, Note_off_c, 6, 71, 64
10, 19072, Note_on_c, 6, 67, 80
10, 19072, Note_on_c, 6, 71, 91
10, 19072, Note_on_c, 6, 62, 97
10, 19128, Note_off_c, 6, 67, 64
10, 19128, Note_off_c, 6, 71, 64
10, 19128, Note_off_c, 6, 62, 64
10, 19136, Note_on_c, 6, 67, 88
10, 19136, Note_on_c, 6, 71, 87
10, 19136, Note_on_c, 6, 62, 86
10, 19192, Note_off_c, 6, 67, 64
10, 19192, Note_off_c, 6, 71, 64
10, 19192, Note_off_c, 6, 62, 64
10, 19200, Note_on_c, 6, 70, 84
10, 19200, Note_on_c, 6, 73, 85
10, 19200, Note_on_c, 6, 66, 81
10, 19200, Note_on_c, 6, 64, 78
10, 19256, Note_off_c, 6, 70, 64
10, 19256, Note_off_c, 6, 73, 64
10, 19256, Note_off_c, 6, 66, 64
10, 19256, Note_off_c, 6, 64, 64
10, 19264, Note_on_c, 6, 70, 75
10, 19264, Note_on_c, 6, 73, 81
10, 19264, Note_on_c, 6, 64, 70
10, 19264, Note_on_c, 6, 66, 79
10, 19320, Note_off_c, 6, 70, 64
10, 19320, Note_off_c, 6, 73, 64
10, 19320, Note_off_c, 6, 64, 64
10, 19320, Note_off_c, 6, 66, 64
10, 19328, Note_on_c, 6, 70, 68
10, 19328, Note_on_c, 6, 73, 85
10, 19328, Note_on_c, 6, 64, 66
10, 19328, Note_on_c, 6, 66, 89
10, 19384, Note_off_c, 6, 70, 64
10, 19384, Note_off_c, 6, 73, 64
10, 19384, Note_off_c, 6, 64, 64
10, 19384, Note_off_c, 6, 66, 64
10, 19392, Note_on_c, 6, 73, 97
10, 19392, Note_on_c, 6, 70, 97
10, 19392, Note_on_c, 6, 64, 76
10, 19392, Note_on_c, 6, 66, 97
10, 19464, Note_off_c, 6, 66, 64
10, 19472, Note_off_c, 6, 70, 64
10, 19474, Note_off_c, 6, 64, 64
10, 19480, Note_off_c, 6, 73, 64
10, 19584, Note_on_c, 6, 66, 89
10, 19584, Note_on_c, 6, 73, 89
10, 19584, Note_on_c, 6, 70, 84
10, 19584, Note_on_c, 6, 64, 76
10, 19640, Note_off_c, 6, 66, 64
10, 19640, Note_off_c, 6, 73, 64
10, 19640, Note_off_c, 6, 70, 64
10, 19640, Note_off_c, 6, 64, 64
10, 19648, Note_on_c, 6, 64, 75
10, 19648, Note_on_c, 6, 66, 89
10, 19648, Note_on_c, 6, 70, 84
10, 19648, Note_on_c, 6, 73, 81
10, 19704, Note_off_c, 6, 64, 64
10, 19704, Note_off_c, 6, 66, 64
10, 19704, Note_off_c, 6, 70, 64
10, 19704, Note_off_c, 6, 73, 64
10, 19712, Note_on_c, 6, 70, 78
10, 19712, Note_on_c, 6, 64, 78
10, 19712, Note_on_c, 6, 66, 99
10, 19712, Note_on_c, 6, 73, 91
10, 19768, Note_off_c, 6, 70, 64
10, 19768, Note_off_c, 6, 64, 64
10, 19768, Note_off_c, 6, 66, 64
10, 19768, Note_off_c, 6, 73, 64
10, 19776, Note_on_c, 6, 64, 77
10, 19776, Note_on_c, 6, 66, 101
10, 19776, Note_on_c, 6, 73, 97
10, 19776, Note_on_c, 6, 70, 91
10, 19856, Note_off_c, 6, 66, 64
10, 19856, Note_off_c, 6, 70, 64
10, 19860, Note_off_c, 6, 73, 64
10, 19864, Note_off_c, 6, 64, 64
10, 19968, Note_on_c, 6, 66, 93
10, 19968, Note_on_c, 6, 74, 86
10, 19968, Note_on_c, 6, 62, 86
10, 19968, Note_on_c, 6, 71, 70
10, 20024, Note_off_c, 6, 66, 64
10, 20024, Note_off_c, 6, 74, 64
10, 20024, Note_off_c, 6, 62, 64
10, 20024, Note_off_c, 6, 71, 64
10, 20032, Note_on_c, 6, 71, 73
10, 20032, Note_on_c, 6, 62, 73
10, 20032, Note_on_c, 6, 74, 80
10, 20032, Note_on_c, 6, 66, 85
10, 20088, Note_off_c, 6, 71, 64
10, 20088, Note_off_c, 6, 62, 64
10, 20088, Note_off_c, 6, 74, 64
10, 20088, Note_off_c, 6, 66, 64
10, 20096, Note_on_c, 6, 71, 80
10, 20096, Note_on_c, 6, 62, 80
10, 20096, Note_on_c, 6, 66, 93
10, 20096, Note_on_c, 6, 74, 86
10, 20144, Note_off_c, 6, 71, 64
10, 20152, Note_off_c, 6, 62, 64
10, 20152, Note_off_c, 6, 66, 64
10, 20152, Note_off_c, 6, 74, 64
10, 20160, Note_on_c, 6, 62, 78
10, 20160, Note_on_c, 6, 71, 81
10, 20160, Note_on_c, 6, 74, 94
10, 20160, Note_on_c, 6, 66, 99
10, 20240, Note_off_c, 6, 71, 64
10, 20242, Note_off_c, 6, 74, 64
10, 20250, Note_off_c, 6, 62, 64
10, 20252, Note_off_c, 6, 66, 64
10, 20352, Note_on_c, 6, 74, 91
10, 20352, Note_on_c, 6, 71, 80
10, 20352, Note_on_c, 6, 66, 93
10, 20352, Note_on_c, 6, 62, 81
10, 20408, Note_off_c, 6, 74, 64
10, 20408, Note_off_c, 6, 71, 64
10, 20408, Note_off_c, 6, 66, 64
10, 20408, Note_off_c, 6, 62, 64
10, 20416, Note_on_c, 6, 71, 69
10, 20416, Note_on_c, 6, 74, 80
10, 20416, Note_on_c, 6, 62, 74
10, 20416, Note_on_c, 6, 66, 91
10, 20472, Note_off_c, 6, 71, 64
10, 20472, Note_off_c, 6, 74, 64
10, 20472, Note_off_c, 6, 62, 64
10, 20472, Note_off_c, 6, 66, 64
10, 20480, Note_on_c, 6, 71, 80
10, 20480, Note_on_c, 6, 62, 72
10, 20480, Note_on_c, 6, 74, 95
10, 20480, Note_on_c, 6, 66, 95
10, 20536, Note_off_c, 6, 71, 64
10, 20536, Note_off_c, 6, 62, 64
10, 20536, Note_off_c, 6, 74, 64
10, 20536, Note_off_c, 6, 66, 64
10, 20544, Note_on_c, 6, 71, 88
10, 20544, Note_on_c, 6, 74, 100
10, 20544, Note_on_c, 6, 62, 85
10, 20544, Note_on_c, 6, 66, 104
10, 20616, Note_off_c, 6, 66, 64
10, 20624, Note_off_c, 6, 74, 64
10, 20624, Note_off_c, 6, 62, 64
10, 20626, Note_off_c, 6, 71, 64
10, 20736, Note_on_c, 6, 69, 97
10, 20736, Note_on_c, 6, 67, 88
10, 20736, Note_on_c, 6, 73, 85
10, 20736, Note_on_c, 6, 76, 94
10, 21500, Note_off_c, 6, 69, 64
10, 21500, Note_off_c, 6, 67, 64
10, 21500, Note_off_c, 6, 73, 64
10, 21500, Note_off_c, 6, 76, 64
10, 21696, Note_on_c, 6, 74, 81
10, 21696, Note_on_c, 6, 72, 86
10, 21696, Note_on_c, 6, 78, 87
10, 21696, Note_on_c, 6, 69, 81
10, 21748, Note_off_c, 6, 74, 64
10, 21748, Note_off_c, 6, 72, 64
10, 21748, Note_off_c, 6, 78, 64
10, 21748, Note_off_c, 6, 69, 64
10, 21760, Note_on_c, 6, 74, 84
10, 21760, Note_on_c, 6, 69, 72
10, 21760, Note_on_c, 6, 78, 91
10, 21760, Note_on_c, 6, 72, 79
10, 21812, Note_off_c, 6, 74, 64
10, 21812, Note_off_c, 6, 69, 64
10, 21812, Note_off_c, 6, 78, 64
10, 21812, Note_off_c, 6, 72, 64
10, 21824, Note_on_c, 6, 74, 81
10, 21824, Note_on_c, 6, 78, 95
10, 21824, Note_on_c, 6, 69, 70
10, 21824, Note_on_c, 6, 72, 84
10, 21876, Note_off_c, 6, 74, 64
10, 21876, Note_off_c, 6, 78, 64
10, 21876, Note_off_c, 6, 69, 64
10, 21876, Note_off_c, 6, 72, 64
10, 21888, Note_on_c, 6, 69, 73
10, 21888, Note_on_c, 6, 72, 90
10, 21888, Note_on_c, 6, 74, 80
10, 21888, Note_on_c, 6, 78, 91
10, 21940, Note_off_c, 6, 69, 64
10, 21940, Note_off_c, 6, 72, 64
10, 21940, Note_off_c, 6, 74, 64
10, 21940, Note_off_c, 6, 78, 64
10, 21952, Note_on_c, 6, 74, 81
10, 21952, Note_on_c, 6, 78, 95
10, 21952, Note_on_c, 6, 72, 83
10, 21952, Note_on_c, 6, 69, 70
10, 22004, Note_off_c, 6, 74, 64
10, 22004, Note_off_c, 6, 78, 64
10, 22004, Note_off_c, 6, 72, 64
10, 22004, Note_off_c, 6, 69, 64
10, 22016, Note_on_c, 6, 74, 73
10, 22016, Note_on_c, 6, 72, 86
10, 22016, Note_on_c, 6, 78, 89
10, 22016, Note_on_c, 6, 69, 75
10, 22068, Note_off_c, 6, 74, 64
10, 22068, Note_off_c, 6, 72, 64
10, 22068, Note_off_c, 6, 78, 64
10, 22068, Note_off_c, 6, 69, 64
10, 22080, Note_on_c, 6, 74, 88
10, 22080, Note_on_c, 6, 78, 99
10, 22080, Note_on_c, 6, 72, 95
10, 22080, Note_on_c, 6, 69, 74
10, 22132, Note_off_c, 6, 74, 64
10, 22132, Note_off_c, 6, 78, 64
10, 22132, Note_off_c, 6, 72, 64
10, 22132, Note_off_c, 6, 69, 64
10, 22144, Note_on_c, 6, 74, 79
10, 22144, Note_on_c, 6, 72, 80
10, 22144, Note_on_c, 6, 69, 68
10, 22144, Note_on_c, 6, 78, 87
10, 22196, Note_off_c, 6, 74, 64
10, 22196, Note_off_c, 6, 72, 64
10, 22196, Note_off_c, 6, 69, 64
10, 22196, Note_off_c, 6, 78, 64
10, 22208, Note_on_c, 6, 69, 78
10, 22208, Note_on_c, 6, 72, 90
10, 22208, Note_on_c, 6, 74, 90
10, 22208, Note_on_c, 6, 78, 93
10, 22260, Note_off_c, 6, 69, 64
10, 22260, Note_off_c, 6, 72, 64
10, 22260, Note_off_c, 6, 74, 64
10, 22260, Note_off_c, 6, 78, 64
10, 22272, Note_on_c, 6, 72, 97
10, 22272, Note_on_c, 6, 69, 88
10, 22272, Note_on_c, 6, 74, 84
10, 22272, Note_on_c, 6, 78, 95
10, 22324, Note_off_c, 6, 72, 64
10, 22324, Note_off_c, 6, 69, 64
10, 22324, Note_off_c, 6, 74, 64
10, 22324, Note_off_c, 6, 78, 64
10, 23552, Note_on_c, 6, 71, 81
10, 23552, Note_on_c, 6, 74, 92
10, 23552, Note_on_c, 6, 67, 79
10, 23612, Note_off_c, 6, 71, 64
10, 23612, Note_off_c, 6, 74, 64
10, 23612, Note_off_c, 6, 67, 64
10, 23616, Note_on_c, 6, 78, 98
10, 23616, Note_on_c, 6, 74, 100
10, 23616, Note_on_c, 6, 71, 94
10, 23676, Note_off_c, 6, 78, 64
10, 23676, Note_off_c, 6, 74, 64
10, 23676, Note_off_c, 6, 71, 64
10, 23680, Note_on_c, 6, 67, 86
10, 23680, Note_on_c, 6, 74, 96
10, 23680, Note_on_c, 6, 71, 82
10, 23740, Note_off_c, 6, 67, 64
10, 23740, Note_off_c, 6, 74, 64
10, 23740, Note_off_c, 6, 71, 64
10, 23744, Note_on_c, 6, 71, 90
10, 23744, Note_on_c, 6, 74, 96
10, 23744, Note_on_c, 6, 78, 102
10, 23804, Note_off_c, 6, 71, 64
10, 23804, Note_off_c, 6, 74, 64
10, 23804, Note_off_c, 6, 78, 64
10, 23808, Note_on_c, 6, 67, 93
10, 23808, Note_on_c, 6, 76, 105
10, 23808, Note_on_c, 6, 72, 96
10, 24188, Note_off_c, 6, 67, 64
10, 24188, Note_off_c, 6, 76, 64
10, 24188, Note_off_c, 6, 72, 64
10, 24192, Note_on_c, 6, 66, 84
10, 24192, Note_on_c, 6, 75, 98
10, 24192, Note_on_c, 6, 72, 104
10, 24572, Note_off_c, 6, 66, 64
10, 24572, Note_off_c, 6, 75, 64
10, 24572, Note_off_c, 6, 72, 64
10, 25088, Note_on_c, 6, 71, 81
10, 25088, Note_on_c, 6, 74, 92
10, 25088, Note_on_c, 6, 67, 79
10, 25148, Note_off_c, 6, 71, 64
10, 25148, Note_off_c, 6, 74, 64
10, 25148, Note_off_c, 6, 67, 64
10, 25152, Note_on_c, 6, 78, 98
10, 25152, Note_on_c, 6, 74, 100
10, 25152, Note_on_c, 6, 71, 94
10, 25212, Note_off_c, 6, 78, 64
10, 25212, Note_off_c, 6, 74, 64
10, 25212, Note_off_c, 6, 71, 64
10, 25216, Note_on_c, 6, 67, 86
10, 25216, Note_on_c, 6, 74, 96
10, 25216, Note_on_c, 6, 71, 82
10, 25276, Note_off_c, 6, 67, 64
10, 25276, Note_off_c, 6, 74, 64
10, 25276, Note_off_c, 6, 71, 64
10, 25280, Note_on_c, 6, 71, 90
10, 25280, Note_on_c, 6, 74, 96
10, 25280, Note_on_c, 6, 78, 102
10, 25340, Note_off_c, 6, 71, 64
10, 25340, Note_off_c, 6, 74, 64
10, 25340, Note_off_c, 6, 78, 64
10, 25344, Note_on_c, 6, 67, 93
10, 25344, Note_on_c, 6, 76, 105
10, 25344, Note_on_c, 6, 72, 96
10, 25724, Note_off_c, 6, 67, 64
10, 25724, Note_off_c, 6, 76, 64
10, 25724, Note_off_c, 6, 72, 64
10, 25728, Note_on_c, 6, 66, 84
10, 25728, Note_on_c, 6, 75, 98
10, 25728, Note_on_c, 6, 72, 104
10, 26108, Note_off_c, 6, 66, 64
10, 26108, Note_off_c, 6, 75, 64
10, 26108, Note_off_c, 6, 72, 64
10, 26624, Note_on_c, 6, 71, 81
10, 26624, Note_on_c, 6, 74, 92
10, 26624, Note_on_c, 6, 67, 79
10, 26684, Note_off_c, 6, 71, 64
10, 26684, Note_off_c, 6, 74, 64
10, 26684, Note_off_c, 6, 67, 64
10, 26688, Note_on_c, 6, 78, 98
10, 26688, Note_on_c, 6, 74, 100
10, 26688, Note_on_c, 6, 71, 94
10, 26748, Note_off_c, 6, 78, 64
10, 26748, Note_off_c, 6, 74, 64
10, 26748, Note_off_c, 6, 71, 64
10, 26752, Note_on_c, 6, 67, 86
10, 26752, Note_on_c, 6, 74, 96
10, 26752, Note_on_c, 6, 71, 82
10, 26812, Note_off_c, 6, 67, 64
10, 26812, Note_off_c, 6, 74, 64
10, 26812, Note_off_c, 6, 71, 64
10, 26816, Note_on_c, 6, 71, 90
10, 26816, Note_on_c, 6, 74, 96
10, 26816, Note_on_c, 6, 78, 102
10, 26876, Note_off_c, 6, 71, 64
10, 26876, Note_off_c, 6, 74, 64
10, 26876, Note_off_c, 6, 78, 64
10, 26880, Note_on_c, 6, 67, 93
10, 26880, Note_on_c, 6, 76, 105
10, 26880, Note_on_c, 6, 72, 96
10, 27260, Note_off_c, 6, 67, 64
10, 27260, Note_off_c, 6, 76, 64
10, 27260, Note_off_c, 6, 72, 64
10, 27264, Note_on_c, 6, 66, 84
10, 27264, Note_on_c, 6, 75, 98
10, 27264, Note_on_c, 6, 72, 104
10, 27644, Note_off_c, 6, 66, 64
10, 27644, Note_off_c, 6, 75, 64
10, 27644, Note_off_c, 6, 72, 64
10, 29190, Note_on_c, 6, 56, 58
10, 29190, Note_on_c, 6, 65, 68
10, 29192, Note_on_c, 6, 60, 66
10, 29692, Note_on_c, 6, 75, 77
10, 29700, Note_off_c, 6, 65, 64
10, 29702, Note_off_c, 6, 60, 64
10, 29758, Note_off_c, 6, 75, 64
10, 29760, Note_on_c, 6, 79, 91
10, 29764, Note_off_c, 6, 56, 64
10, 29824, Note_off_c, 6, 79, 64
10, 29824, Note_on_c, 6, 75, 84
10, 29884, Note_on_c, 6, 79, 91
10, 29888, Note_off_c, 6, 75, 64
10, 29950, Note_off_c, 6, 79, 64
10, 29952, Note_on_c, 6, 61, 75
10, 29952, Note_on_c, 6, 58, 84
10, 29952, Note_on_c, 6, 77, 94
10, 29958, Note_on_c, 6, 65, 72
10, 30334, Note_off_c, 6, 61, 64
10, 30334, Note_off_c, 6, 58, 64
10, 30336, Note_on_c, 6, 76, 86
10, 30338, Note_off_c, 6, 77, 64
10, 30338, Note_on_c, 6, 64, 71
10, 30340, Note_off_c, 6, 65, 64
10, 30340, Note_on_c, 6, 67, 77
10, 30342, Note_on_c, 6, 61, 64
10, 30716, Note_off_c, 6, 76, 64
10, 30720, Note_off_c, 6, 64, 64
10, 30722, Note_off_c, 6, 61, 64
10, 30726, Note_off_c, 6, 67, 64
10, 31292, Note_on_c, 6, 79, 91
10, 31360, Note_off_c, 6, 79, 64
10, 31360, Note_on_c, 6, 75, 72
10, 31418, Note_off_c, 6, 75, 64
10, 31420, Note_on_c, 6, 79, 85
10, 31484, Note_off_c, 6, 79, 64
10, 31484, Note_on_c, 6, 77, 80
10, 31488, Note_on_c, 6, 65, 73
10, 31488, Note_on_c, 6, 61, 85
10, 31488, Note_on_c, 6, 58, 78
10, 31860, Note_off_c, 6, 65, 64
10, 31866, Note_off_c, 6, 61, 64
10, 31868, Note_on_c, 6, 64, 77
10, 31872, Note_off_c, 6, 77, 64
10, 31872, Note_off_c, 6, 58, 64
10, 31872, Note_on_c, 6, 67, 72
10, 31872, Note_on_c, 6, 61, 85
10, 31872, Note_on_c, 6, 76, 79
10, 32244, Note_off_c, 6, 61, 64
10, 32248, Note_off_c, 6, 64, 64
10, 32248, Note_off_c, 6, 67, 64
10, 32248, Note_off_c, 6, 76, 64
10, 32826, Note_on_c, 6, 75, 107
10, 32890, Note_off_c, 6, 75, 64
10, 32896, Note_on_c, 6, 72, 95
10, 32952, Note_off_c, 6, 72, 64
10, 32960, Note_on_c, 6, 75, 95
10, 33024, Note_off_c, 6, 75, 64
10, 33024, Note_on_c, 6, 73, 107
10, 33026, Note_on_c, 6, 58, 57
10, 33026, Note_on_c, 6, 61, 53
10, 33026, Note_on_c, 6, 68, 67
10, 33026, Note_on_c, 6, 65, 68
10, 33788, Note_off_c, 6, 73, 64
10, 33790, Note_off_c, 6, 58, 64
10, 33790, Note_off_c, 6, 61, 64
10, 33790, Note_off_c, 6, 68, 64
10, 33790, Note_off_c, 6, 65, 64
10, 33792, Note_on_c, 6, 73, 85
10, 33792, Note_on_c, 6, 58, 58
10, 33792, Note_on_c, 6, 67, 75
10, 33792, Note_on_c, 6, 64, 60
10, 33792, Note_on_c, 6, 61, 58
10, 34556, Note_off_c, 6, 73, 64
10, 34556, Note_off_c, 6, 58, 64
10, 34556, Note_off_c, 6, 67, 64
10, 34556, Note_off_c, 6, 64, 64
10, 34556, Note_off_c, 6, 61, 64
10, 34556, End_track
11, 0, Start_track
11, 0, MIDI_port, 0
11, 0, Title_t, "PUT YOUR HEAD ON  8 "
11, 266, Program_c, 7, 28
11, 268, Control_c, 7, 7, 95
11, 268, Control_c, 7, 10, 15
11, 268, Control_c, 7, 11, 127
11, 270, Control_c, 7, 91, 50
11, 270, Control_c, 7, 93, 20
11, 768, Note_on_c, 7, 43, 105
11, 770, Control_c, 7, 1, 0
11, 770, Pitch_bend_c, 7, 8192
11, 1012, Note_off_c, 7, 43, 64
11, 1086, Note_on_c, 7, 47, 102
11, 1140, Note_off_c, 7, 47, 64
11, 1150, Note_on_c, 7, 40, 104
11, 1374, Note_off_c, 7, 40, 64
11, 1408, Note_on_c, 7, 43, 110
11, 1448, Note_off_c, 7, 43, 64
11, 1470, Note_on_c, 7, 47, 106
11, 1514, Note_off_c, 7, 47, 64
11, 1538, Note_on_c, 7, 45, 106
11, 1806, Note_off_c, 7, 45, 64
11, 1854, Note_on_c, 7, 45, 104
11, 1908, Note_off_c, 7, 45, 64
11, 1918, Note_on_c, 7, 38, 104
11, 2094, Note_off_c, 7, 38, 64
11, 2114, Note_on_c, 7, 42, 113
11, 2216, Note_off_c, 7, 42, 64
11, 2242, Note_on_c, 7, 45, 104
11, 2278, Note_off_c, 7, 45, 64
11, 2306, Note_on_c, 7, 43, 112
11, 2578, Note_off_c, 7, 43, 64
11, 2622, Note_on_c, 7, 47, 104
11, 2668, Note_off_c, 7, 47, 64
11, 2690, Note_on_c, 7, 48, 108
11, 2840, Note_off_c, 7, 48, 64
11, 2882, Note_on_c, 7, 48, 122
11, 2920, Note_off_c, 7, 48, 64
11, 2944, Note_on_c, 7, 47, 104
11, 2986, Note_off_c, 7, 47, 64
11, 3006, Note_on_c, 7, 45, 106
11, 3052, Note_off_c, 7, 45, 64
11, 3070, Note_on_c, 7, 43, 127
11, 3150, Note_off_c, 7, 43, 64
11, 3840, Note_on_c, 7, 40, 98
11, 4158, Note_off_c, 7, 40, 64
11, 4224, Note_on_c, 7, 40, 94
11, 4496, Note_off_c, 7, 40, 64
11, 4542, Note_on_c, 7, 47, 102
11, 4588, Note_off_c, 7, 47, 64
11, 4610, Note_on_c, 7, 45, 90
11, 4974, Note_off_c, 7, 45, 64
11, 4994, Note_on_c, 7, 38, 106
11, 5276, Note_off_c, 7, 38, 64
11, 5310, Note_on_c, 7, 45, 98
11, 5362, Note_off_c, 7, 45, 64
11, 5376, Note_on_c, 7, 43, 102
11, 5720, Note_off_c, 7, 43, 64
11, 5762, Note_on_c, 7, 40, 94
11, 6026, Note_off_c, 7, 40, 64
11, 6078, Note_on_c, 7, 47, 97
11, 6126, Note_off_c, 7, 47, 64
11, 6142, Note_on_c, 7, 45, 91
11, 6508, Note_off_c, 7, 45, 64
11, 6530, Note_on_c, 7, 38, 106
11, 6820, Note_off_c, 7, 38, 64
11, 6846, Note_on_c, 7, 45, 106
11, 6898, Note_off_c, 7, 45, 64
11, 6912, Note_on_c, 7, 43, 106
11, 7252, Note_off_c, 7, 43, 64
11, 7294, Note_on_c, 7, 40, 100
11, 7574, Note_off_c, 7, 40, 64
11, 7614, Note_on_c, 7, 47, 110
11, 7662, Note_off_c, 7, 47, 64
11, 7678, Note_on_c, 7, 45, 98
11, 8034, Note_off_c, 7, 45, 64
11, 8066, Note_on_c, 7, 38, 100
11, 8344, Note_off_c, 7, 38, 64
11, 8382, Note_on_c, 7, 45, 102
11, 8430, Note_off_c, 7, 45, 64
11, 8450, Note_on_c, 7, 43, 114
11, 8730, Note_off_c, 7, 43, 64
11, 8766, Note_on_c, 7, 43, 100
11, 8816, Note_off_c, 7, 43, 64
11, 8832, Note_on_c, 7, 40, 100
11, 8986, Note_off_c, 7, 40, 64
11, 9026, Note_on_c, 7, 40, 106
11, 9070, Note_off_c, 7, 40, 64
11, 9088, Note_on_c, 7, 43, 104
11, 9132, Note_off_c, 7, 43, 64
11, 9150, Note_on_c, 7, 47, 114
11, 9196, Note_off_c, 7, 47, 64
11, 9218, Note_on_c, 7, 43, 110
11, 9310, Note_off_c, 7, 43, 64
11, 9984, Note_on_c, 7, 40, 98
11, 10302, Note_off_c, 7, 40, 64
11, 10304, Note_on_c, 7, 43, 70
11, 10350, Note_off_c, 7, 43, 64
11, 10368, Note_on_c, 7, 47, 83
11, 10494, Note_off_c, 7, 47, 64
11, 10686, Note_on_c, 7, 47, 102
11, 10732, Note_off_c, 7, 47, 64
11, 10754, Note_on_c, 7, 45, 95
11, 11056, Note_off_c, 7, 45, 64
11, 11072, Note_on_c, 7, 45, 102
11, 11118, Note_off_c, 7, 45, 64
11, 11138, Note_on_c, 7, 38, 106
11, 11420, Note_off_c, 7, 38, 64
11, 11454, Note_on_c, 7, 45, 98
11, 11506, Note_off_c, 7, 45, 64
11, 11520, Note_on_c, 7, 43, 102
11, 11864, Note_off_c, 7, 43, 64
11, 11906, Note_on_c, 7, 40, 94
11, 12170, Note_off_c, 7, 40, 64
11, 12222, Note_on_c, 7, 47, 97
11, 12270, Note_off_c, 7, 47, 64
11, 12286, Note_on_c, 7, 45, 91
11, 12540, Note_off_c, 7, 45, 64
11, 12608, Note_on_c, 7, 45, 97
11, 12656, Note_off_c, 7, 45, 64
11, 12674, Note_on_c, 7, 38, 106
11, 12964, Note_off_c, 7, 38, 64
11, 12990, Note_on_c, 7, 45, 106
11, 13042, Note_off_c, 7, 45, 64
11, 13056, Note_on_c, 7, 43, 106
11, 13396, Note_off_c, 7, 43, 64
11, 13438, Note_on_c, 7, 40, 100
11, 13718, Note_off_c, 7, 40, 64
11, 13758, Note_on_c, 7, 47, 110
11, 13806, Note_off_c, 7, 47, 64
11, 13822, Note_on_c, 7, 45, 98
11, 14124, Note_off_c, 7, 45, 64
11, 14144, Note_on_c, 7, 45, 102
11, 14192, Note_off_c, 7, 45, 64
11, 14210, Note_on_c, 7, 38, 100
11, 14488, Note_off_c, 7, 38, 64
11, 14526, Note_on_c, 7, 45, 102
11, 14574, Note_off_c, 7, 45, 64
11, 14594, Note_on_c, 7, 43, 114
11, 14874, Note_off_c, 7, 43, 64
11, 14910, Note_on_c, 7, 47, 100
11, 14960, Note_off_c, 7, 47, 64
11, 14976, Note_on_c, 7, 48, 100
11, 15130, Note_off_c, 7, 48, 64
11, 15170, Note_on_c, 7, 48, 106
11, 15214, Note_off_c, 7, 48, 64
11, 15232, Note_on_c, 7, 47, 104
11, 15276, Note_off_c, 7, 47, 64
11, 15294, Note_on_c, 7, 45, 114
11, 15340, Note_off_c, 7, 45, 64
11, 15362, Note_on_c, 7, 43, 110
11, 15680, Note_off_c, 7, 43, 64
11, 15680, Note_on_c, 7, 47, 100
11, 15730, Note_off_c, 7, 47, 64
11, 15744, Note_on_c, 7, 50, 100
11, 15898, Note_off_c, 7, 50, 64
11, 15936, Note_on_c, 7, 52, 113
11, 15986, Note_off_c, 7, 52, 64
11, 16000, Note_on_c, 7, 50, 107
11, 16050, Note_off_c, 7, 50, 64
11, 16064, Note_on_c, 7, 47, 100
11, 16114, Note_off_c, 7, 47, 64
11, 16128, Note_on_c, 7, 38, 100
11, 16166, Note_off_c, 7, 38, 64
11, 16190, Note_on_c, 7, 38, 98
11, 16230, Note_off_c, 7, 38, 64
11, 16254, Note_on_c, 7, 38, 98
11, 16292, Note_off_c, 7, 38, 64
11, 16318, Note_on_c, 7, 38, 106
11, 16394, Note_off_c, 7, 38, 64
11, 16512, Note_on_c, 7, 38, 88
11, 16548, Note_off_c, 7, 38, 64
11, 16576, Note_on_c, 7, 38, 88
11, 16612, Note_off_c, 7, 38, 64
11, 16638, Note_on_c, 7, 38, 104
11, 16682, Note_off_c, 7, 38, 64
11, 16706, Note_on_c, 7, 38, 114
11, 16778, Note_off_c, 7, 38, 64
11, 16898, Note_on_c, 7, 43, 100
11, 16930, Note_off_c, 7, 43, 64
11, 16962, Note_on_c, 7, 43, 95
11, 16998, Note_off_c, 7, 43, 64
11, 17026, Note_on_c, 7, 43, 102
11, 17066, Note_off_c, 7, 43, 64
11, 17090, Note_on_c, 7, 43, 102
11, 17166, Note_off_c, 7, 43, 64
11, 17282, Note_on_c, 7, 43, 104
11, 17318, Note_off_c, 7, 43, 64
11, 17342, Note_on_c, 7, 43, 97
11, 17374, Note_off_c, 7, 43, 64
11, 17406, Note_on_c, 7, 43, 95
11, 17446, Note_off_c, 7, 43, 64
11, 17470, Note_on_c, 7, 43, 112
11, 17552, Note_off_c, 7, 43, 64
11, 17662, Note_on_c, 7, 38, 104
11, 17710, Note_off_c, 7, 38, 64
11, 17726, Note_on_c, 7, 38, 92
11, 17760, Note_off_c, 7, 38, 64
11, 17790, Note_on_c, 7, 38, 94
11, 17832, Note_off_c, 7, 38, 64
11, 17856, Note_on_c, 7, 38, 106
11, 17922, Note_off_c, 7, 38, 64
11, 18048, Note_on_c, 7, 38, 100
11, 18080, Note_off_c, 7, 38, 64
11, 18110, Note_on_c, 7, 38, 88
11, 18144, Note_off_c, 7, 38, 64
11, 18174, Note_on_c, 7, 38, 102
11, 18210, Note_off_c, 7, 38, 64
11, 18238, Note_on_c, 7, 38, 110
11, 18304, Note_off_c, 7, 38, 64
11, 18434, Note_on_c, 7, 43, 108
11, 18476, Note_off_c, 7, 43, 64
11, 18496, Note_on_c, 7, 43, 92
11, 18532, Note_off_c, 7, 43, 64
11, 18558, Note_on_c, 7, 43, 98
11, 18596, Note_off_c, 7, 43, 64
11, 18622, Note_on_c, 7, 43, 114
11, 18692, Note_off_c, 7, 43, 64
11, 18814, Note_on_c, 7, 43, 112
11, 18860, Note_off_c, 7, 43, 64
11, 18878, Note_on_c, 7, 43, 88
11, 18910, Note_off_c, 7, 43, 64
11, 18942, Note_on_c, 7, 43, 97
11, 18980, Note_off_c, 7, 43, 64
11, 19006, Note_on_c, 7, 43, 106
11, 19052, Note_off_c, 7, 43, 64
11, 19070, Note_on_c, 7, 43, 100
11, 19108, Note_off_c, 7, 43, 64
11, 19134, Note_on_c, 7, 43, 104
11, 19174, Note_off_c, 7, 43, 64
11, 19198, Note_on_c, 7, 42, 107
11, 19240, Note_off_c, 7, 42, 64
11, 19262, Note_on_c, 7, 42, 82
11, 19300, Note_off_c, 7, 42, 64
11, 19326, Note_on_c, 7, 42, 107
11, 19366, Note_off_c, 7, 42, 64
11, 19390, Note_on_c, 7, 42, 104
11, 19464, Note_off_c, 7, 42, 64
11, 19586, Note_on_c, 7, 42, 110
11, 19618, Note_off_c, 7, 42, 64
11, 19650, Note_on_c, 7, 42, 79
11, 19684, Note_off_c, 7, 42, 64
11, 19710, Note_on_c, 7, 42, 107
11, 19744, Note_off_c, 7, 42, 64
11, 19774, Note_on_c, 7, 42, 110
11, 19844, Note_off_c, 7, 42, 64
11, 19966, Note_on_c, 7, 47, 102
11, 20010, Note_off_c, 7, 47, 64
11, 20030, Note_on_c, 7, 47, 86
11, 20060, Note_off_c, 7, 47, 64
11, 20094, Note_on_c, 7, 47, 80
11, 20140, Note_off_c, 7, 47, 64
11, 20160, Note_on_c, 7, 47, 97
11, 20220, Note_off_c, 7, 47, 64
11, 20350, Note_on_c, 7, 47, 100
11, 20384, Note_off_c, 7, 47, 64
11, 20414, Note_on_c, 7, 47, 86
11, 20450, Note_off_c, 7, 47, 64
11, 20478, Note_on_c, 7, 47, 97
11, 20516, Note_off_c, 7, 47, 64
11, 20542, Note_on_c, 7, 47, 100
11, 20624, Note_off_c, 7, 47, 64
11, 20738, Note_on_c, 7, 45, 98
11, 20776, Note_off_c, 7, 45, 64
11, 20798, Note_on_c, 7, 45, 83
11, 20832, Note_off_c, 7, 45, 64
11, 20862, Note_on_c, 7, 45, 97
11, 20904, Note_off_c, 7, 45, 64
11, 20926, Note_on_c, 7, 45, 100
11, 20988, Note_off_c, 7, 45, 64
11, 21118, Note_on_c, 7, 45, 100
11, 21160, Note_off_c, 7, 45, 64
11, 21182, Note_on_c, 7, 45, 87
11, 21216, Note_off_c, 7, 45, 64
11, 21246, Note_on_c, 7, 45, 95
11, 21286, Note_off_c, 7, 45, 64
11, 21310, Note_on_c, 7, 45, 97
11, 21378, Note_off_c, 7, 45, 64
11, 21506, Note_on_c, 7, 38, 108
11, 21544, Note_off_c, 7, 38, 64
11, 21568, Note_on_c, 7, 38, 87
11, 21606, Note_off_c, 7, 38, 64
11, 21630, Note_on_c, 7, 38, 100
11, 21668, Note_off_c, 7, 38, 64
11, 21694, Note_on_c, 7, 38, 102
11, 21738, Note_off_c, 7, 38, 64
11, 21758, Note_on_c, 7, 38, 81
11, 21800, Note_off_c, 7, 38, 64
11, 21822, Note_on_c, 7, 38, 88
11, 21852, Note_off_c, 7, 38, 64
11, 21886, Note_on_c, 7, 42, 97
11, 21928, Note_off_c, 7, 42, 64
11, 21950, Note_on_c, 7, 42, 97
11, 21992, Note_off_c, 7, 42, 64
11, 22014, Note_on_c, 7, 42, 93
11, 22040, Note_off_c, 7, 42, 64
11, 22078, Note_on_c, 7, 45, 104
11, 22122, Note_off_c, 7, 45, 64
11, 22142, Note_on_c, 7, 45, 86
11, 22180, Note_off_c, 7, 45, 64
11, 22206, Note_on_c, 7, 45, 97
11, 22242, Note_off_c, 7, 45, 64
11, 22270, Note_on_c, 7, 50, 100
11, 22332, Note_off_c, 7, 50, 64
11, 23040, Note_on_c, 7, 40, 98
11, 23358, Note_off_c, 7, 40, 64
11, 23360, Note_on_c, 7, 43, 70
11, 23406, Note_off_c, 7, 43, 64
11, 23424, Note_on_c, 7, 47, 83
11, 23678, Note_off_c, 7, 47, 64
11, 23742, Note_on_c, 7, 47, 102
11, 23788, Note_off_c, 7, 47, 64
11, 23810, Note_on_c, 7, 45, 95
11, 24112, Note_off_c, 7, 45, 64
11, 24128, Note_on_c, 7, 45, 102
11, 24174, Note_off_c, 7, 45, 64
11, 24194, Note_on_c, 7, 38, 106
11, 24476, Note_off_c, 7, 38, 64
11, 24510, Note_on_c, 7, 45, 98
11, 24562, Note_off_c, 7, 45, 64
11, 24576, Note_on_c, 7, 43, 102
11, 24920, Note_off_c, 7, 43, 64
11, 24962, Note_on_c, 7, 40, 94
11, 25226, Note_off_c, 7, 40, 64
11, 25278, Note_on_c, 7, 47, 97
11, 25326, Note_off_c, 7, 47, 64
11, 25342, Note_on_c, 7, 45, 91
11, 25596, Note_off_c, 7, 45, 64
11, 25664, Note_on_c, 7, 45, 97
11, 25712, Note_off_c, 7, 45, 64
11, 25730, Note_on_c, 7, 38, 106
11, 26020, Note_off_c, 7, 38, 64
11, 26046, Note_on_c, 7, 45, 106
11, 26098, Note_off_c, 7, 45, 64
11, 26112, Note_on_c, 7, 43, 106
11, 26452, Note_off_c, 7, 43, 64
11, 26494, Note_on_c, 7, 40, 100
11, 26774, Note_off_c, 7, 40, 64
11, 26814, Note_on_c, 7, 47, 110
11, 26862, Note_off_c, 7, 47, 64
11, 26878, Note_on_c, 7, 45, 98
11, 27180, Note_off_c, 7, 45, 64
11, 27200, Note_on_c, 7, 45, 102
11, 27248, Note_off_c, 7, 45, 64
11, 27266, Note_on_c, 7, 38, 100
11, 27544, Note_off_c, 7, 38, 64
11, 27582, Note_on_c, 7, 45, 102
11, 27630, Note_off_c, 7, 45, 64
11, 27650, Note_on_c, 7, 43, 114
11, 27930, Note_off_c, 7, 43, 64
11, 27966, Note_on_c, 7, 47, 100
11, 28016, Note_off_c, 7, 47, 64
11, 28032, Note_on_c, 7, 50, 100
11, 28186, Note_off_c, 7, 50, 64
11, 28226, Note_on_c, 7, 47, 106
11, 28270, Note_off_c, 7, 47, 64
11, 28288, Note_on_c, 7, 50, 104
11, 28332, Note_off_c, 7, 50, 64
11, 28350, Note_on_c, 7, 43, 114
11, 28396, Note_off_c, 7, 43, 64
11, 28418, Note_on_c, 7, 39, 110
11, 28544, Note_off_c, 7, 39, 64
11, 29184, Note_on_c, 7, 41, 98
11, 29502, Note_off_c, 7, 41, 64
11, 29568, Note_on_c, 7, 41, 94
11, 29840, Note_off_c, 7, 41, 64
11, 29886, Note_on_c, 7, 48, 102
11, 29932, Note_off_c, 7, 48, 64
11, 29954, Note_on_c, 7, 46, 90
11, 30318, Note_off_c, 7, 46, 64
11, 30338, Note_on_c, 7, 39, 106
11, 30620, Note_off_c, 7, 39, 64
11, 30654, Note_on_c, 7, 46, 98
11, 30706, Note_off_c, 7, 46, 64
11, 30720, Note_on_c, 7, 44, 102
11, 31064, Note_off_c, 7, 44, 64
11, 31106, Note_on_c, 7, 41, 94
11, 31370, Note_off_c, 7, 41, 64
11, 31422, Note_on_c, 7, 48, 97
11, 31470, Note_off_c, 7, 48, 64
11, 31486, Note_on_c, 7, 46, 91
11, 31740, Note_off_c, 7, 46, 64
11, 31808, Note_on_c, 7, 46, 97
11, 31856, Note_off_c, 7, 46, 64
11, 31874, Note_on_c, 7, 39, 106
11, 32048, Note_off_c, 7, 39, 64
11, 32064, Note_on_c, 7, 43, 97
11, 32190, Note_off_c, 7, 43, 64
11, 32190, Note_on_c, 7, 46, 106
11, 32242, Note_off_c, 7, 46, 64
11, 32256, Note_on_c, 7, 44, 106
11, 32556, Note_off_c, 7, 44, 64
11, 32576, Note_on_c, 7, 44, 97
11, 32624, Note_off_c, 7, 44, 64
11, 32638, Note_on_c, 7, 41, 100
11, 32820, Note_off_c, 7, 41, 64
11, 32832, Note_on_c, 7, 41, 100
11, 32878, Note_off_c, 7, 41, 64
11, 32896, Note_on_c, 7, 43, 107
11, 32942, Note_off_c, 7, 43, 64
11, 32958, Note_on_c, 7, 44, 114
11, 33002, Note_off_c, 7, 44, 64
11, 33024, Note_on_c, 7, 46, 113
11, 33380, Note_off_c, 7, 46, 64
11, 34562, Note_on_c, 7, 44, 114
11, 34830, Note_off_c, 7, 44, 64
11, 34878, Note_on_c, 7, 36, 102
11, 34928, Note_off_c, 7, 36, 64
11, 34944, Note_on_c, 7, 41, 111
11, 35102, Note_off_c, 7, 41, 64
11, 35134, Note_on_c, 7, 44, 119
11, 35248, Note_off_c, 7, 44, 64
11, 35262, Note_on_c, 7, 48, 100
11, 35310, Note_off_c, 7, 48, 64
11, 35330, Note_on_c, 7, 46, 110
11, 35688, Note_off_c, 7, 46, 64
11, 35712, Note_on_c, 7, 39, 107
11, 36064, Note_off_c, 7, 39, 64
11, 36064, End_track
12, 0, Start_track
12, 0, MIDI_port, 0
12, 0, Title_t, "PUT YOUR HEAD ON  9 "
12, 276, Program_c, 8, 11
12, 278, Control_c, 8, 7, 105
12, 278, Control_c, 8, 10, 70
12, 278, Control_c, 8, 11, 127
12, 280, Control_c, 8, 91, 60
12, 280, Control_c, 8, 93, 40
12, 768, Note_on_c, 8, 67, 80
12, 770, Control_c, 8, 1, 0
12, 770, Pitch_bend_c, 8, 8192
12, 1306, Note_off_c, 8, 67, 64
12, 1344, Note_on_c, 8, 71, 58
12, 1404, Note_off_c, 8, 71, 64
12, 1408, Note_on_c, 8, 67, 62
12, 1448, Note_off_c, 8, 67, 64
12, 1468, Note_on_c, 8, 71, 55
12, 1534, Note_off_c, 8, 71, 64
12, 1536, Note_on_c, 8, 67, 72
12, 1880, Note_off_c, 8, 67, 64
12, 1920, Note_on_c, 8, 69, 66
12, 2288, Note_off_c, 8, 69, 64
12, 2304, Note_on_c, 8, 67, 72
12, 2544, Note_off_c, 8, 67, 64
12, 2560, Note_on_c, 8, 62, 54
12, 2616, Note_off_c, 8, 62, 64
12, 2624, Note_on_c, 8, 67, 58
12, 2680, Note_off_c, 8, 67, 64
12, 2688, Note_on_c, 8, 67, 75
12, 2920, Note_off_c, 8, 67, 64
12, 2940, Note_on_c, 8, 64, 51
12, 2992, Note_off_c, 8, 64, 64
12, 3004, Note_on_c, 8, 67, 57
12, 3060, Note_off_c, 8, 67, 64
12, 3072, Note_on_c, 8, 67, 68
12, 3168, Note_off_c, 8, 67, 64
12, 8448, Note_on_c, 8, 67, 74
12, 8700, Note_off_c, 8, 67, 64
12, 8702, Note_on_c, 8, 62, 56
12, 8766, Note_off_c, 8, 62, 64
12, 8768, Note_on_c, 8, 67, 81
12, 8828, Note_off_c, 8, 67, 64
12, 8834, Note_on_c, 8, 67, 79
12, 9080, Note_off_c, 8, 67, 64
12, 9088, Note_on_c, 8, 67, 70
12, 9152, Note_off_c, 8, 67, 64
12, 9152, Note_on_c, 8, 64, 64
12, 9212, Note_off_c, 8, 64, 64
12, 9216, Note_on_c, 8, 67, 75
12, 9336, Note_off_c, 8, 67, 64
12, 10494, Note_on_c, 8, 67, 45
12, 10556, Note_off_c, 8, 67, 64
12, 10558, Note_on_c, 8, 71, 71
12, 10624, Note_off_c, 8, 71, 64
12, 10626, Note_on_c, 8, 67, 59
12, 10684, Note_off_c, 8, 67, 64
12, 10688, Note_on_c, 8, 71, 67
12, 10748, Note_off_c, 8, 71, 64
12, 10754, Note_on_c, 8, 67, 67
12, 11132, Note_off_c, 8, 67, 64
12, 11138, Note_on_c, 8, 69, 61
12, 11514, Note_off_c, 8, 69, 64
12, 12032, Note_on_c, 8, 67, 45
12, 12092, Note_off_c, 8, 67, 64
12, 12094, Note_on_c, 8, 71, 73
12, 12158, Note_off_c, 8, 71, 64
12, 12162, Note_on_c, 8, 67, 50
12, 12220, Note_off_c, 8, 67, 64
12, 12224, Note_on_c, 8, 71, 69
12, 12286, Note_off_c, 8, 71, 64
12, 12290, Note_on_c, 8, 67, 60
12, 12668, Note_off_c, 8, 67, 64
12, 12674, Note_on_c, 8, 69, 60
12, 13060, Note_off_c, 8, 69, 64
12, 13570, Note_on_c, 8, 74, 36
12, 13628, Note_off_c, 8, 74, 64
12, 13630, Note_on_c, 8, 78, 78
12, 13694, Note_off_c, 8, 78, 64
12, 13698, Note_on_c, 8, 74, 51
12, 13756, Note_off_c, 8, 74, 64
12, 13758, Note_on_c, 8, 78, 74
12, 13820, Note_off_c, 8, 78, 64
12, 13826, Note_on_c, 8, 76, 67
12, 14198, Note_off_c, 8, 76, 64
12, 14208, Note_on_c, 8, 75, 67
12, 14588, Note_off_c, 8, 75, 64
12, 14786, Note_on_c, 8, 74, 71
12, 14908, Note_off_c, 8, 74, 64
12, 14914, Note_on_c, 8, 74, 58
12, 14974, Note_off_c, 8, 74, 64
12, 14978, Note_on_c, 8, 76, 74
12, 15100, Note_off_c, 8, 76, 64
12, 15106, Note_on_c, 8, 76, 59
12, 15164, Note_off_c, 8, 76, 64
12, 15170, Note_on_c, 8, 76, 71
12, 15292, Note_off_c, 8, 76, 64
12, 15298, Note_on_c, 8, 76, 52
12, 15356, Note_off_c, 8, 76, 64
12, 15360, Note_on_c, 8, 76, 74
12, 15484, Note_off_c, 8, 76, 64
12, 15490, Note_on_c, 8, 74, 67
12, 16004, Note_off_c, 8, 74, 64
12, 16130, Note_on_c, 8, 69, 66
12, 16188, Note_off_c, 8, 69, 64
12, 16194, Note_on_c, 8, 69, 64
12, 16250, Note_off_c, 8, 69, 64
12, 16256, Note_on_c, 8, 69, 56
12, 16312, Note_off_c, 8, 69, 64
12, 16322, Note_on_c, 8, 69, 73
12, 16448, Note_off_c, 8, 69, 64
12, 16510, Note_on_c, 8, 69, 67
12, 16572, Note_off_c, 8, 69, 64
12, 16578, Note_on_c, 8, 69, 56
12, 16634, Note_off_c, 8, 69, 64
12, 16642, Note_on_c, 8, 69, 62
12, 16698, Note_off_c, 8, 69, 64
12, 16704, Note_on_c, 8, 69, 75
12, 16830, Note_off_c, 8, 69, 64
12, 16898, Note_on_c, 8, 67, 67
12, 16956, Note_off_c, 8, 67, 64
12, 16962, Note_on_c, 8, 67, 52
12, 17018, Note_off_c, 8, 67, 64
12, 17026, Note_on_c, 8, 67, 62
12, 17082, Note_off_c, 8, 67, 64
12, 17090, Note_on_c, 8, 67, 74
12, 17216, Note_off_c, 8, 67, 64
12, 17282, Note_on_c, 8, 67, 74
12, 17340, Note_off_c, 8, 67, 64
12, 17346, Note_on_c, 8, 67, 54
12, 17404, Note_off_c, 8, 67, 64
12, 17410, Note_on_c, 8, 67, 62
12, 17466, Note_off_c, 8, 67, 64
12, 17472, Note_on_c, 8, 67, 82
12, 17538, Note_off_c, 8, 67, 64
12, 17662, Note_on_c, 8, 69, 71
12, 17724, Note_off_c, 8, 69, 64
12, 17726, Note_on_c, 8, 69, 61
12, 17786, Note_off_c, 8, 69, 64
12, 17790, Note_on_c, 8, 69, 57
12, 17850, Note_off_c, 8, 69, 64
12, 17854, Note_on_c, 8, 69, 78
12, 17980, Note_off_c, 8, 69, 64
12, 18050, Note_on_c, 8, 69, 84
12, 18108, Note_off_c, 8, 69, 64
12, 18114, Note_on_c, 8, 69, 58
12, 18172, Note_off_c, 8, 69, 64
12, 18178, Note_on_c, 8, 69, 64
12, 18236, Note_off_c, 8, 69, 64
12, 18242, Note_on_c, 8, 69, 78
12, 18368, Note_off_c, 8, 69, 64
12, 18434, Note_on_c, 8, 67, 80
12, 18490, Note_off_c, 8, 67, 64
12, 18494, Note_on_c, 8, 67, 63
12, 18554, Note_off_c, 8, 67, 64
12, 18558, Note_on_c, 8, 67, 62
12, 18618, Note_off_c, 8, 67, 64
12, 18622, Note_on_c, 8, 67, 84
12, 18748, Note_off_c, 8, 67, 64
12, 18818, Note_on_c, 8, 67, 77
12, 18876, Note_off_c, 8, 67, 64
12, 18882, Note_on_c, 8, 67, 54
12, 18940, Note_off_c, 8, 67, 64
12, 18946, Note_on_c, 8, 67, 60
12, 19004, Note_off_c, 8, 67, 64
12, 19008, Note_on_c, 8, 67, 85
12, 19066, Note_off_c, 8, 67, 64
12, 19070, Note_on_c, 8, 67, 68
12, 19132, Note_off_c, 8, 67, 64
12, 19134, Note_on_c, 8, 67, 69
12, 19196, Note_off_c, 8, 67, 64
12, 19200, Note_on_c, 8, 73, 83
12, 19938, Note_off_c, 8, 73, 64
12, 19968, Note_on_c, 8, 74, 89
12, 20712, Note_off_c, 8, 74, 64
12, 20736, Note_on_c, 8, 76, 92
12, 21512, Note_off_c, 8, 76, 64
12, 21692, Note_on_c, 8, 78, 78
12, 21732, Note_off_c, 8, 78, 64
12, 21756, Note_on_c, 8, 78, 65
12, 21812, Note_off_c, 8, 78, 64
12, 21824, Note_on_c, 8, 78, 81
12, 21860, Note_off_c, 8, 78, 64
12, 21888, Note_on_c, 8, 78, 83
12, 21928, Note_off_c, 8, 78, 64
12, 21952, Note_on_c, 8, 78, 73
12, 21984, Note_off_c, 8, 78, 64
12, 22016, Note_on_c, 8, 78, 79
12, 22052, Note_off_c, 8, 78, 64
12, 22080, Note_on_c, 8, 78, 91
12, 22114, Note_off_c, 8, 78, 64
12, 22144, Note_on_c, 8, 78, 76
12, 22178, Note_off_c, 8, 78, 64
12, 22204, Note_on_c, 8, 78, 87
12, 22232, Note_off_c, 8, 78, 64
12, 22270, Note_on_c, 8, 78, 101
12, 22326, Note_off_c, 8, 78, 64
12, 23040, Note_on_c, 8, 76, 59
12, 23548, Note_off_c, 8, 76, 64
12, 23556, Note_on_c, 8, 71, 48
12, 23612, Note_off_c, 8, 71, 64
12, 23618, Note_on_c, 8, 74, 80
12, 23678, Note_off_c, 8, 74, 64
12, 23682, Note_on_c, 8, 71, 56
12, 23740, Note_off_c, 8, 71, 64
12, 23742, Note_on_c, 8, 74, 67
12, 23804, Note_off_c, 8, 74, 64
12, 23810, Note_on_c, 8, 72, 64
12, 23810, Note_on_c, 8, 76, 67
12, 24182, Note_off_c, 8, 72, 64
12, 24184, Note_off_c, 8, 76, 64
12, 24194, Note_on_c, 8, 75, 61
12, 24194, Note_on_c, 8, 72, 61
12, 24568, Note_off_c, 8, 75, 64
12, 24568, Note_off_c, 8, 72, 64
12, 24576, Note_on_c, 8, 71, 67
12, 24578, Note_on_c, 8, 74, 67
12, 25026, Note_off_c, 8, 71, 64
12, 25028, Note_off_c, 8, 74, 64
12, 25090, Note_on_c, 8, 71, 52
12, 25146, Note_off_c, 8, 71, 64
12, 25152, Note_on_c, 8, 74, 79
12, 25214, Note_off_c, 8, 74, 64
12, 25218, Note_on_c, 8, 71, 52
12, 25276, Note_off_c, 8, 71, 64
12, 25280, Note_on_c, 8, 74, 73
12, 25338, Note_off_c, 8, 74, 64
12, 25346, Note_on_c, 8, 72, 64
12, 25346, Note_on_c, 8, 76, 68
12, 25672, Note_off_c, 8, 72, 64
12, 25720, Note_off_c, 8, 76, 64
12, 25726, Note_on_c, 8, 75, 61
12, 25730, Note_on_c, 8, 72, 62
12, 26100, Note_off_c, 8, 72, 64
12, 26102, Note_off_c, 8, 75, 64
12, 26114, Note_on_c, 8, 71, 67
12, 26114, Note_on_c, 8, 74, 74
12, 26564, Note_off_c, 8, 71, 64
12, 26570, Note_off_c, 8, 74, 64
12, 26626, Note_on_c, 8, 71, 52
12, 26684, Note_off_c, 8, 71, 64
12, 26686, Note_on_c, 8, 74, 80
12, 26754, Note_on_c, 8, 71, 54
12, 26756, Note_off_c, 8, 74, 64
12, 26812, Note_off_c, 8, 71, 64
12, 26818, Note_on_c, 8, 74, 71
12, 26876, Note_off_c, 8, 74, 64
12, 26882, Note_on_c, 8, 76, 67
12, 26882, Note_on_c, 8, 72, 70
12, 27254, Note_off_c, 8, 72, 64
12, 27256, Note_off_c, 8, 76, 64
12, 27266, Note_on_c, 8, 75, 73
12, 27266, Note_on_c, 8, 72, 69
12, 27634, Note_off_c, 8, 72, 64
12, 27636, Note_off_c, 8, 75, 64
12, 27650, Note_on_c, 8, 74, 78
12, 27650, Note_on_c, 8, 71, 65
12, 28020, Note_off_c, 8, 74, 64
12, 28022, Note_off_c, 8, 71, 64
12, 28034, Note_on_c, 8, 74, 69
12, 28034, Note_on_c, 8, 71, 69
12, 28220, Note_off_c, 8, 74, 64
12, 28220, Note_off_c, 8, 71, 64
12, 28228, Note_on_c, 8, 71, 68
12, 28228, Note_on_c, 8, 74, 81
12, 28352, Note_off_c, 8, 74, 64
12, 28354, Note_off_c, 8, 71, 64
12, 28418, Note_on_c, 8, 75, 75
12, 28418, Note_on_c, 8, 70, 78
12, 28486, Note_off_c, 8, 75, 64
12, 28488, Note_off_c, 8, 70, 64
12, 29184, Note_on_c, 8, 77, 59
12, 29692, Note_off_c, 8, 77, 64
12, 29700, Note_on_c, 8, 72, 48
12, 29756, Note_off_c, 8, 72, 64
12, 29762, Note_on_c, 8, 75, 80
12, 29822, Note_off_c, 8, 75, 64
12, 29826, Note_on_c, 8, 72, 56
12, 29884, Note_off_c, 8, 72, 64
12, 29886, Note_on_c, 8, 75, 67
12, 29948, Note_off_c, 8, 75, 64
12, 29954, Note_on_c, 8, 73, 64
12, 29954, Note_on_c, 8, 77, 67
12, 30326, Note_off_c, 8, 73, 64
12, 30328, Note_off_c, 8, 77, 64
12, 30338, Note_on_c, 8, 76, 61
12, 30338, Note_on_c, 8, 73, 61
12, 30712, Note_off_c, 8, 76, 64
12, 30712, Note_off_c, 8, 73, 64
12, 30720, Note_on_c, 8, 72, 67
12, 30722, Note_on_c, 8, 75, 67
12, 31170, Note_off_c, 8, 72, 64
12, 31172, Note_off_c, 8, 75, 64
12, 31234, Note_on_c, 8, 72, 52
12, 31290, Note_off_c, 8, 72, 64
12, 31296, Note_on_c, 8, 75, 79
12, 31358, Note_off_c, 8, 75, 64
12, 31362, Note_on_c, 8, 72, 52
12, 31420, Note_off_c, 8, 72, 64
12, 31424, Note_on_c, 8, 75, 73
12, 31482, Note_off_c, 8, 75, 64
12, 31490, Note_on_c, 8, 73, 64
12, 31490, Note_on_c, 8, 77, 68
12, 31816, Note_off_c, 8, 73, 64
12, 31864, Note_off_c, 8, 77, 64
12, 31870, Note_on_c, 8, 76, 61
12, 31874, Note_on_c, 8, 73, 62
12, 32244, Note_off_c, 8, 73, 64
12, 32246, Note_off_c, 8, 76, 64
12, 32258, Note_on_c, 8, 72, 67
12, 32258, Note_on_c, 8, 75, 74
12, 32708, Note_off_c, 8, 72, 64
12, 32714, Note_off_c, 8, 75, 64
12, 32830, Note_on_c, 8, 75, 66
12, 32832, Note_on_c, 8, 72, 64
12, 32892, Note_off_c, 8, 72, 64
12, 32896, Note_on_c, 8, 68, 54
12, 32898, Note_on_c, 8, 72, 54
12, 32900, Note_off_c, 8, 75, 64
12, 32956, Note_off_c, 8, 72, 64
12, 32960, Note_on_c, 8, 72, 63
12, 32962, Note_on_c, 8, 75, 63
12, 32966, Note_off_c, 8, 68, 64
12, 33020, Note_off_c, 8, 75, 64
12, 33022, Note_off_c, 8, 72, 64
12, 33024, Note_on_c, 8, 70, 55
12, 33024, Note_on_c, 8, 73, 55
12, 33790, Note_off_c, 8, 70, 64
12, 33790, Note_off_c, 8, 73, 64
12, 35072, Note_on_c, 8, 67, 53
12, 35130, Note_off_c, 8, 67, 64
12, 35134, Note_on_c, 8, 70, 76
12, 35196, Note_off_c, 8, 70, 64
12, 35198, Note_on_c, 8, 67, 64
12, 35260, Note_off_c, 8, 67, 64
12, 35262, Note_on_c, 8, 70, 73
12, 35324, Note_off_c, 8, 70, 64
12, 35328, Note_on_c, 8, 68, 73
12, 35704, Note_off_c, 8, 68, 64
12, 35712, Note_on_c, 8, 67, 73
12, 36094, Note_off_c, 8, 67, 64
12, 36094, End_track
13, 0, Start_track
13, 0, MIDI_port, 0
13, 0, Title_t, "PUT YOUR HEAD ON 10 "
13, 286, Program_c, 9, 40
13, 288, Control_c, 9, 7, 105
13, 288, Control_c, 9, 11, 127
13, 290, Control_c, 9, 91, 30
13, 290, Control_c, 9, 93, 0
13, 768, Note_on_c, 9, 38, 87
13, 768, Note_on_c, 9, 35, 97
13, 770, Note_off_c, 9, 38, 64
13, 770, Note_off_c, 9, 35, 64
13, 770, Control_c, 9, 1, 0
13, 770, Pitch_bend_c, 9, 8192
13, 832, Note_on_c, 9, 38, 61
13, 834, Note_off_c, 9, 38, 64
13, 896, Note_on_c, 9, 38, 73
13, 898, Note_off_c, 9, 38, 64
13, 960, Note_on_c, 9, 39, 127
13, 962, Note_off_c, 9, 39, 64
13, 1024, Note_on_c, 9, 38, 66
13, 1026, Note_off_c, 9, 38, 64
13, 1088, Note_on_c, 9, 38, 52
13, 1090, Note_off_c, 9, 38, 64
13, 1152, Note_on_c, 9, 38, 84
13, 1152, Note_on_c, 9, 35, 96
13, 1154, Note_off_c, 9, 38, 64
13, 1154, Note_off_c, 9, 35, 64
13, 1216, Note_on_c, 9, 38, 53
13, 1218, Note_off_c, 9, 38, 64
13, 1280, Note_on_c, 9, 38, 68
13, 1282, Note_off_c, 9, 38, 64
13, 1344, Note_on_c, 9, 39, 127
13, 1346, Note_off_c, 9, 39, 64
13, 1408, Note_on_c, 9, 38, 72
13, 1410, Note_off_c, 9, 38, 64
13, 1472, Note_on_c, 9, 38, 58
13, 1472, Note_on_c, 9, 35, 62
13, 1474, Note_off_c, 9, 38, 64
13, 1474, Note_off_c, 9, 35, 64
13, 1536, Note_on_c, 9, 38, 85
13, 1536, Note_on_c, 9, 35, 96
13, 1538, Note_off_c, 9, 38, 64
13, 1538, Note_off_c, 9, 35, 64
13, 1600, Note_on_c, 9, 38, 68
13, 1602, Note_off_c, 9, 38, 64
13, 1664, Note_on_c, 9, 38, 59
13, 1666, Note_off_c, 9, 38, 64
13, 1728, Note_on_c, 9, 39, 125
13, 1730, Note_off_c, 9, 39, 64
13, 1792, Note_on_c, 9, 38, 77
13, 1794, Note_off_c, 9, 38, 64
13, 1856, Note_on_c, 9, 38, 58
13, 1858, Note_off_c, 9, 38, 64
13, 1920, Note_on_c, 9, 38, 85
13, 1920, Note_on_c, 9, 35, 85
13, 1922, Note_off_c, 9, 38, 64
13, 1922, Note_off_c, 9, 35, 64
13, 1984, Note_on_c, 9, 38, 58
13, 1986, Note_off_c, 9, 38, 64
13, 2048, Note_on_c, 9, 38, 80
13, 2050, Note_off_c, 9, 38, 64
13, 2112, Note_on_c, 9, 39, 126
13, 2114, Note_off_c, 9, 39, 64
13, 2176, Note_on_c, 9, 38, 74
13, 2178, Note_off_c, 9, 38, 64
13, 2240, Note_on_c, 9, 38, 66
13, 2242, Note_off_c, 9, 38, 64
13, 2304, Note_on_c, 9, 38, 86
13, 2304, Note_on_c, 9, 35, 95
13, 2306, Note_off_c, 9, 38, 64
13, 2306, Note_off_c, 9, 35, 64
13, 2368, Note_on_c, 9, 38, 66
13, 2370, Note_off_c, 9, 38, 64
13, 2432, Note_on_c, 9, 38, 77
13, 2434, Note_off_c, 9, 38, 64
13, 2496, Note_on_c, 9, 39, 126
13, 2498, Note_off_c, 9, 39, 64
13, 2560, Note_on_c, 9, 38, 75
13, 2562, Note_off_c, 9, 38, 64
13, 2624, Note_on_c, 9, 38, 62
13, 2626, Note_off_c, 9, 38, 64
13, 2688, Note_on_c, 9, 38, 86
13, 2688, Note_on_c, 9, 35, 90
13, 2690, Note_off_c, 9, 38, 64
13, 2690, Note_off_c, 9, 35, 64
13, 2752, Note_on_c, 9, 38, 62
13, 2754, Note_off_c, 9, 38, 64
13, 2816, Note_on_c, 9, 38, 81
13, 2818, Note_off_c, 9, 38, 64
13, 2880, Note_on_c, 9, 39, 127
13, 2882, Note_off_c, 9, 39, 64
13, 2944, Note_on_c, 9, 38, 73
13, 2946, Note_off_c, 9, 38, 64
13, 3008, Note_on_c, 9, 38, 58
13, 3008, Note_on_c, 9, 35, 81
13, 3010, Note_off_c, 9, 38, 64
13, 3010, Note_off_c, 9, 35, 64
13, 3072, Note_on_c, 9, 39, 123
13, 3072, Note_on_c, 9, 35, 105
13, 3074, Note_off_c, 9, 39, 64
13, 3074, Note_off_c, 9, 35, 64
13, 3648, Note_on_c, 9, 41, 48
13, 3650, Note_off_c, 9, 41, 64
13, 3712, Note_on_c, 9, 41, 79
13, 3714, Note_off_c, 9, 41, 64
13, 3776, Note_on_c, 9, 41, 102
13, 3778, Note_off_c, 9, 41, 64
13, 3840, Note_on_c, 9, 38, 87
13, 3840, Note_on_c, 9, 35, 102
13, 3842, Note_off_c, 9, 38, 64
13, 3842, Note_off_c, 9, 35, 64
13, 3904, Note_on_c, 9, 38, 61
13, 3906, Note_off_c, 9, 38, 64
13, 3968, Note_on_c, 9, 38, 73
13, 3970, Note_off_c, 9, 38, 64
13, 4032, Note_on_c, 9, 39, 127
13, 4034, Note_off_c, 9, 39, 64
13, 4096, Note_on_c, 9, 38, 66
13, 4098, Note_off_c, 9, 38, 64
13, 4160, Note_on_c, 9, 38, 52
13, 4162, Note_off_c, 9, 38, 64
13, 4224, Note_on_c, 9, 38, 84
13, 4224, Note_on_c, 9, 35, 96
13, 4226, Note_off_c, 9, 38, 64
13, 4226, Note_off_c, 9, 35, 64
13, 4288, Note_on_c, 9, 38, 53
13, 4290, Note_off_c, 9, 38, 64
13, 4352, Note_on_c, 9, 38, 68
13, 4354, Note_off_c, 9, 38, 64
13, 4416, Note_on_c, 9, 39, 127
13, 4418, Note_off_c, 9, 39, 64
13, 4480, Note_on_c, 9, 38, 72
13, 4482, Note_off_c, 9, 38, 64
13, 4544, Note_on_c, 9, 38, 58
13, 4544, Note_on_c, 9, 35, 87
13, 4546, Note_off_c, 9, 38, 64
13, 4546, Note_off_c, 9, 35, 64
13, 4608, Note_on_c, 9, 38, 85
13, 4608, Note_on_c, 9, 35, 101
13, 4610, Note_off_c, 9, 38, 64
13, 4610, Note_off_c, 9, 35, 64
13, 4672, Note_on_c, 9, 38, 68
13, 4674, Note_off_c, 9, 38, 64
13, 4736, Note_on_c, 9, 38, 59
13, 4738, Note_off_c, 9, 38, 64
13, 4800, Note_on_c, 9, 39, 125
13, 4802, Note_off_c, 9, 39, 64
13, 4864, Note_on_c, 9, 38, 77
13, 4866, Note_off_c, 9, 38, 64
13, 4928, Note_on_c, 9, 38, 58
13, 4930, Note_off_c, 9, 38, 64
13, 4992, Note_on_c, 9, 38, 85
13, 4992, Note_on_c, 9, 35, 98
13, 4994, Note_off_c, 9, 38, 64
13, 4994, Note_off_c, 9, 35, 64
13, 5056, Note_on_c, 9, 38, 58
13, 5058, Note_off_c, 9, 38, 64
13, 5120, Note_on_c, 9, 38, 80
13, 5122, Note_off_c, 9, 38, 64
13, 5184, Note_on_c, 9, 39, 126
13, 5186, Note_off_c, 9, 39, 64
13, 5248, Note_on_c, 9, 38, 74
13, 5250, Note_off_c, 9, 38, 64
13, 5312, Note_on_c, 9, 38, 66
13, 5312, Note_on_c, 9, 35, 92
13, 5314, Note_off_c, 9, 38, 64
13, 5314, Note_off_c, 9, 35, 64
13, 5376, Note_on_c, 9, 38, 87
13, 5376, Note_on_c, 9, 35, 102
13, 5378, Note_off_c, 9, 38, 64
13, 5378, Note_off_c, 9, 35, 64
13, 5440, Note_on_c, 9, 38, 61
13, 5442, Note_off_c, 9, 38, 64
13, 5504, Note_on_c, 9, 38, 73
13, 5506, Note_off_c, 9, 38, 64
13, 5568, Note_on_c, 9, 39, 127
13, 5570, Note_off_c, 9, 39, 64
13, 5632, Note_on_c, 9, 38, 66
13, 5634, Note_off_c, 9, 38, 64
13, 5696, Note_on_c, 9, 38, 52
13, 5698, Note_off_c, 9, 38, 64
13, 5760, Note_on_c, 9, 38, 84
13, 5760, Note_on_c, 9, 35, 97
13, 5762, Note_off_c, 9, 38, 64
13, 5762, Note_off_c, 9, 35, 64
13, 5824, Note_on_c, 9, 38, 53
13, 5826, Note_off_c, 9, 38, 64
13, 5888, Note_on_c, 9, 38, 68
13, 5890, Note_off_c, 9, 38, 64
13, 5952, Note_on_c, 9, 39, 127
13, 5954, Note_off_c, 9, 39, 64
13, 6016, Note_on_c, 9, 38, 72
13, 6018, Note_off_c, 9, 38, 64
13, 6080, Note_on_c, 9, 38, 58
13, 6080, Note_on_c, 9, 35, 83
13, 6082, Note_off_c, 9, 38, 64
13, 6082, Note_off_c, 9, 35, 64
13, 6144, Note_on_c, 9, 38, 85
13, 6144, Note_on_c, 9, 35, 101
13, 6146, Note_off_c, 9, 38, 64
13, 6146, Note_off_c, 9, 35, 64
13, 6208, Note_on_c, 9, 38, 68
13, 6210, Note_off_c, 9, 38, 64
13, 6272, Note_on_c, 9, 38, 59
13, 6274, Note_off_c, 9, 38, 64
13, 6336, Note_on_c, 9, 39, 125
13, 6338, Note_off_c, 9, 39, 64
13, 6400, Note_on_c, 9, 38, 77
13, 6402, Note_off_c, 9, 38, 64
13, 6464, Note_on_c, 9, 38, 58
13, 6466, Note_off_c, 9, 38, 64
13, 6528, Note_on_c, 9, 38, 85
13, 6528, Note_on_c, 9, 35, 100
13, 6530, Note_off_c, 9, 38, 64
13, 6530, Note_off_c, 9, 35, 64
13, 6592, Note_on_c, 9, 38, 58
13, 6594, Note_off_c, 9, 38, 64
13, 6656, Note_on_c, 9, 38, 80
13, 6658, Note_off_c, 9, 38, 64
13, 6720, Note_on_c, 9, 39, 126
13, 6722, Note_off_c, 9, 39, 64
13, 6784, Note_on_c, 9, 38, 74
13, 6786, Note_off_c, 9, 38, 64
13, 6848, Note_on_c, 9, 38, 66
13, 6848, Note_on_c, 9, 35, 74
13, 6850, Note_off_c, 9, 38, 64
13, 6850, Note_off_c, 9, 35, 64
13, 6912, Note_on_c, 9, 38, 87
13, 6912, Note_on_c, 9, 35, 105
13, 6914, Note_off_c, 9, 38, 64
13, 6914, Note_off_c, 9, 35, 64
13, 6976, Note_on_c, 9, 38, 61
13, 6978, Note_off_c, 9, 38, 64
13, 7040, Note_on_c, 9, 38, 73
13, 7042, Note_off_c, 9, 38, 64
13, 7104, Note_on_c, 9, 39, 127
13, 7106, Note_off_c, 9, 39, 64
13, 7168, Note_on_c, 9, 38, 66
13, 7170, Note_off_c, 9, 38, 64
13, 7232, Note_on_c, 9, 38, 52
13, 7234, Note_off_c, 9, 38, 64
13, 7296, Note_on_c, 9, 38, 84
13, 7296, Note_on_c, 9, 35, 104
13, 7298, Note_off_c, 9, 38, 64
13, 7298, Note_off_c, 9, 35, 64
13, 7360, Note_on_c, 9, 38, 53
13, 7362, Note_off_c, 9, 38, 64
13, 7424, Note_on_c, 9, 38, 68
13, 7426, Note_off_c, 9, 38, 64
13, 7488, Note_on_c, 9, 39, 127
13, 7490, Note_off_c, 9, 39, 64
13, 7552, Note_on_c, 9, 38, 72
13, 7554, Note_off_c, 9, 38, 64
13, 7616, Note_on_c, 9, 38, 58
13, 7616, Note_on_c, 9, 35, 78
13, 7618, Note_off_c, 9, 38, 64
13, 7618, Note_off_c, 9, 35, 64
13, 7680, Note_on_c, 9, 38, 85
13, 7680, Note_on_c, 9, 35, 108
13, 7682, Note_off_c, 9, 38, 64
13, 7682, Note_off_c, 9, 35, 64
13, 7744, Note_on_c, 9, 38, 68
13, 7746, Note_off_c, 9, 38, 64
13, 7808, Note_on_c, 9, 38, 59
13, 7810, Note_off_c, 9, 38, 64
13, 7872, Note_on_c, 9, 39, 125
13, 7874, Note_off_c, 9, 39, 64
13, 7936, Note_on_c, 9, 38, 77
13, 7938, Note_off_c, 9, 38, 64
13, 8000, Note_on_c, 9, 38, 58
13, 8002, Note_off_c, 9, 38, 64
13, 8064, Note_on_c, 9, 38, 85
13, 8064, Note_on_c, 9, 35, 102
13, 8066, Note_off_c, 9, 38, 64
13, 8066, Note_off_c, 9, 35, 64
13, 8128, Note_on_c, 9, 38, 58
13, 8130, Note_off_c, 9, 38, 64
13, 8192, Note_on_c, 9, 38, 80
13, 8194, Note_off_c, 9, 38, 64
13, 8256, Note_on_c, 9, 39, 126
13, 8258, Note_off_c, 9, 39, 64
13, 8320, Note_on_c, 9, 38, 74
13, 8322, Note_off_c, 9, 38, 64
13, 8384, Note_on_c, 9, 38, 66
13, 8384, Note_on_c, 9, 35, 70
13, 8386, Note_off_c, 9, 38, 64
13, 8386, Note_off_c, 9, 35, 64
13, 8448, Note_on_c, 9, 38, 86
13, 8448, Note_on_c, 9, 35, 105
13, 8450, Note_off_c, 9, 38, 64
13, 8450, Note_off_c, 9, 35, 64
13, 8512, Note_on_c, 9, 38, 66
13, 8514, Note_off_c, 9, 38, 64
13, 8576, Note_on_c, 9, 38, 77
13, 8578, Note_off_c, 9, 38, 64
13, 8640, Note_on_c, 9, 39, 126
13, 8642, Note_off_c, 9, 39, 64
13, 8704, Note_on_c, 9, 38, 75
13, 8706, Note_off_c, 9, 38, 64
13, 8768, Note_on_c, 9, 38, 62
13, 8770, Note_off_c, 9, 38, 64
13, 8832, Note_on_c, 9, 38, 86
13, 8832, Note_on_c, 9, 35, 108
13, 8834, Note_off_c, 9, 38, 64
13, 8834, Note_off_c, 9, 35, 64
13, 8896, Note_on_c, 9, 38, 62
13, 8898, Note_off_c, 9, 38, 64
13, 8960, Note_on_c, 9, 38, 81
13, 8962, Note_off_c, 9, 38, 64
13, 9024, Note_on_c, 9, 39, 127
13, 9026, Note_off_c, 9, 39, 64
13, 9088, Note_on_c, 9, 38, 73
13, 9090, Note_off_c, 9, 38, 64
13, 9152, Note_on_c, 9, 38, 58
13, 9152, Note_on_c, 9, 35, 77
13, 9154, Note_off_c, 9, 38, 64
13, 9154, Note_off_c, 9, 35, 64
13, 9216, Note_on_c, 9, 39, 123
13, 9216, Note_on_c, 9, 35, 109
13, 9218, Note_off_c, 9, 39, 64
13, 9218, Note_off_c, 9, 35, 64
13, 9792, Note_on_c, 9, 38, 77
13, 9794, Note_off_c, 9, 38, 64
13, 9856, Note_on_c, 9, 38, 89
13, 9858, Note_off_c, 9, 38, 64
13, 9920, Note_on_c, 9, 38, 101
13, 9922, Note_off_c, 9, 38, 64
13, 9984, Note_on_c, 9, 38, 87
13, 9984, Note_on_c, 9, 35, 102
13, 9986, Note_off_c, 9, 38, 64
13, 9986, Note_off_c, 9, 35, 64
13, 10048, Note_on_c, 9, 38, 61
13, 10050, Note_off_c, 9, 38, 64
13, 10112, Note_on_c, 9, 38, 73
13, 10114, Note_off_c, 9, 38, 64
13, 10176, Note_on_c, 9, 39, 127
13, 10178, Note_off_c, 9, 39, 64
13, 10240, Note_on_c, 9, 38, 66
13, 10242, Note_off_c, 9, 38, 64
13, 10304, Note_on_c, 9, 38, 52
13, 10306, Note_off_c, 9, 38, 64
13, 10368, Note_on_c, 9, 38, 84
13, 10368, Note_on_c, 9, 35, 96
13, 10370, Note_off_c, 9, 38, 64
13, 10370, Note_off_c, 9, 35, 64
13, 10432, Note_on_c, 9, 38, 53
13, 10434, Note_off_c, 9, 38, 64
13, 10496, Note_on_c, 9, 38, 68
13, 10498, Note_off_c, 9, 38, 64
13, 10560, Note_on_c, 9, 39, 127
13, 10562, Note_off_c, 9, 39, 64
13, 10624, Note_on_c, 9, 38, 72
13, 10626, Note_off_c, 9, 38, 64
13, 10688, Note_on_c, 9, 38, 58
13, 10688, Note_on_c, 9, 35, 87
13, 10690, Note_off_c, 9, 38, 64
13, 10690, Note_off_c, 9, 35, 64
13, 10752, Note_on_c, 9, 38, 85
13, 10752, Note_on_c, 9, 35, 101
13, 10754, Note_off_c, 9, 38, 64
13, 10754, Note_off_c, 9, 35, 64
13, 10816, Note_on_c, 9, 38, 68
13, 10818, Note_off_c, 9, 38, 64
13, 10880, Note_on_c, 9, 38, 59
13, 10882, Note_off_c, 9, 38, 64
13, 10944, Note_on_c, 9, 39, 125
13, 10946, Note_off_c, 9, 39, 64
13, 11008, Note_on_c, 9, 38, 77
13, 11010, Note_off_c, 9, 38, 64
13, 11072, Note_on_c, 9, 38, 58
13, 11074, Note_off_c, 9, 38, 64
13, 11136, Note_on_c, 9, 38, 85
13, 11136, Note_on_c, 9, 35, 98
13, 11138, Note_off_c, 9, 38, 64
13, 11138, Note_off_c, 9, 35, 64
13, 11200, Note_on_c, 9, 38, 58
13, 11202, Note_off_c, 9, 38, 64
13, 11264, Note_on_c, 9, 38, 80
13, 11266, Note_off_c, 9, 38, 64
13, 11328, Note_on_c, 9, 39, 126
13, 11330, Note_off_c, 9, 39, 64
13, 11392, Note_on_c, 9, 38, 74
13, 11394, Note_off_c, 9, 38, 64
13, 11456, Note_on_c, 9, 38, 66
13, 11456, Note_on_c, 9, 35, 92
13, 11458, Note_off_c, 9, 38, 64
13, 11458, Note_off_c, 9, 35, 64
13, 11520, Note_on_c, 9, 38, 87
13, 11520, Note_on_c, 9, 35, 102
13, 11522, Note_off_c, 9, 38, 64
13, 11522, Note_off_c, 9, 35, 64
13, 11584, Note_on_c, 9, 38, 61
13, 11586, Note_off_c, 9, 38, 64
13, 11648, Note_on_c, 9, 38, 73
13, 11650, Note_off_c, 9, 38, 64
13, 11712, Note_on_c, 9, 39, 127
13, 11714, Note_off_c, 9, 39, 64
13, 11776, Note_on_c, 9, 38, 66
13, 11778, Note_off_c, 9, 38, 64
13, 11840, Note_on_c, 9, 38, 52
13, 11842, Note_off_c, 9, 38, 64
13, 11904, Note_on_c, 9, 38, 84
13, 11904, Note_on_c, 9, 35, 97
13, 11906, Note_off_c, 9, 38, 64
13, 11906, Note_off_c, 9, 35, 64
13, 11968, Note_on_c, 9, 38, 53
13, 11970, Note_off_c, 9, 38, 64
13, 12032, Note_on_c, 9, 38, 68
13, 12034, Note_off_c, 9, 38, 64
13, 12096, Note_on_c, 9, 39, 127
13, 12098, Note_off_c, 9, 39, 64
13, 12160, Note_on_c, 9, 38, 72
13, 12162, Note_off_c, 9, 38, 64
13, 12224, Note_on_c, 9, 38, 58
13, 12224, Note_on_c, 9, 35, 83
13, 12226, Note_off_c, 9, 38, 64
13, 12226, Note_off_c, 9, 35, 64
13, 12288, Note_on_c, 9, 38, 85
13, 12288, Note_on_c, 9, 35, 101
13, 12290, Note_off_c, 9, 38, 64
13, 12290, Note_off_c, 9, 35, 64
13, 12352, Note_on_c, 9, 38, 68
13, 12354, Note_off_c, 9, 38, 64
13, 12416, Note_on_c, 9, 38, 59
13, 12418, Note_off_c, 9, 38, 64
13, 12480, Note_on_c, 9, 39, 125
13, 12482, Note_off_c, 9, 39, 64
13, 12544, Note_on_c, 9, 38, 77
13, 12546, Note_off_c, 9, 38, 64
13, 12608, Note_on_c, 9, 38, 58
13, 12610, Note_off_c, 9, 38, 64
13, 12672, Note_on_c, 9, 38, 85
13, 12672, Note_on_c, 9, 35, 100
13, 12674, Note_off_c, 9, 38, 64
13, 12674, Note_off_c, 9, 35, 64
13, 12736, Note_on_c, 9, 38, 58
13, 12738, Note_off_c, 9, 38, 64
13, 12800, Note_on_c, 9, 38, 80
13, 12802, Note_off_c, 9, 38, 64
13, 12864, Note_on_c, 9, 39, 126
13, 12866, Note_off_c, 9, 39, 64
13, 12928, Note_on_c, 9, 38, 74
13, 12930, Note_off_c, 9, 38, 64
13, 12992, Note_on_c, 9, 38, 66
13, 12992, Note_on_c, 9, 35, 74
13, 12994, Note_off_c, 9, 38, 64
13, 12994, Note_off_c, 9, 35, 64
13, 13056, Note_on_c, 9, 38, 87
13, 13056, Note_on_c, 9, 35, 105
13, 13058, Note_off_c, 9, 38, 64
13, 13058, Note_off_c, 9, 35, 64
13, 13120, Note_on_c, 9, 38, 61
13, 13122, Note_off_c, 9, 38, 64
13, 13184, Note_on_c, 9, 38, 73
13, 13186, Note_off_c, 9, 38, 64
13, 13248, Note_on_c, 9, 39, 127
13, 13250, Note_off_c, 9, 39, 64
13, 13312, Note_on_c, 9, 38, 66
13, 13314, Note_off_c, 9, 38, 64
13, 13376, Note_on_c, 9, 38, 52
13, 13378, Note_off_c, 9, 38, 64
13, 13440, Note_on_c, 9, 38, 84
13, 13440, Note_on_c, 9, 35, 104
13, 13442, Note_off_c, 9, 38, 64
13, 13442, Note_off_c, 9, 35, 64
13, 13504, Note_on_c, 9, 38, 53
13, 13506, Note_off_c, 9, 38, 64
13, 13568, Note_on_c, 9, 38, 68
13, 13570, Note_off_c, 9, 38, 64
13, 13632, Note_on_c, 9, 39, 127
13, 13634, Note_off_c, 9, 39, 64
13, 13696, Note_on_c, 9, 38, 72
13, 13698, Note_off_c, 9, 38, 64
13, 13760, Note_on_c, 9, 38, 58
13, 13760, Note_on_c, 9, 35, 78
13, 13762, Note_off_c, 9, 38, 64
13, 13762, Note_off_c, 9, 35, 64
13, 13824, Note_on_c, 9, 38, 85
13, 13824, Note_on_c, 9, 35, 108
13, 13826, Note_off_c, 9, 38, 64
13, 13826, Note_off_c, 9, 35, 64
13, 13888, Note_on_c, 9, 38, 68
13, 13890, Note_off_c, 9, 38, 64
13, 13952, Note_on_c, 9, 38, 59
13, 13954, Note_off_c, 9, 38, 64
13, 14016, Note_on_c, 9, 39, 125
13, 14018, Note_off_c, 9, 39, 64
13, 14080, Note_on_c, 9, 38, 77
13, 14082, Note_off_c, 9, 38, 64
13, 14144, Note_on_c, 9, 38, 58
13, 14146, Note_off_c, 9, 38, 64
13, 14208, Note_on_c, 9, 38, 85
13, 14208, Note_on_c, 9, 35, 102
13, 14210, Note_off_c, 9, 38, 64
13, 14210, Note_off_c, 9, 35, 64
13, 14272, Note_on_c, 9, 38, 58
13, 14274, Note_off_c, 9, 38, 64
13, 14336, Note_on_c, 9, 38, 80
13, 14338, Note_off_c, 9, 38, 64
13, 14400, Note_on_c, 9, 39, 126
13, 14402, Note_off_c, 9, 39, 64
13, 14464, Note_on_c, 9, 38, 74
13, 14466, Note_off_c, 9, 38, 64
13, 14528, Note_on_c, 9, 38, 66
13, 14528, Note_on_c, 9, 35, 70
13, 14530, Note_off_c, 9, 38, 64
13, 14530, Note_off_c, 9, 35, 64
13, 14592, Note_on_c, 9, 38, 86
13, 14592, Note_on_c, 9, 35, 105
13, 14594, Note_off_c, 9, 38, 64
13, 14594, Note_off_c, 9, 35, 64
13, 14656, Note_on_c, 9, 38, 66
13, 14658, Note_off_c, 9, 38, 64
13, 14720, Note_on_c, 9, 38, 77
13, 14722, Note_off_c, 9, 38, 64
13, 14784, Note_on_c, 9, 39, 126
13, 14786, Note_off_c, 9, 39, 64
13, 14848, Note_on_c, 9, 38, 75
13, 14850, Note_off_c, 9, 38, 64
13, 14912, Note_on_c, 9, 38, 62
13, 14914, Note_off_c, 9, 38, 64
13, 14976, Note_on_c, 9, 38, 86
13, 14976, Note_on_c, 9, 35, 108
13, 14978, Note_off_c, 9, 38, 64
13, 14978, Note_off_c, 9, 35, 64
13, 15040, Note_on_c, 9, 38, 62
13, 15042, Note_off_c, 9, 38, 64
13, 15104, Note_on_c, 9, 38, 81
13, 15106, Note_off_c, 9, 38, 64
13, 15168, Note_on_c, 9, 39, 127
13, 15170, Note_off_c, 9, 39, 64
13, 15232, Note_on_c, 9, 38, 73
13, 15234, Note_off_c, 9, 38, 64
13, 15296, Note_on_c, 9, 38, 58
13, 15296, Note_on_c, 9, 35, 77
13, 15298, Note_off_c, 9, 38, 64
13, 15298, Note_off_c, 9, 35, 64
13, 15360, Note_on_c, 9, 38, 86
13, 15360, Note_on_c, 9, 35, 109
13, 15362, Note_off_c, 9, 38, 64
13, 15362, Note_off_c, 9, 35, 64
13, 15424, Note_on_c, 9, 38, 66
13, 15426, Note_off_c, 9, 38, 64
13, 15488, Note_on_c, 9, 38, 77
13, 15490, Note_off_c, 9, 38, 64
13, 15552, Note_on_c, 9, 39, 126
13, 15554, Note_off_c, 9, 39, 64
13, 15616, Note_on_c, 9, 38, 75
13, 15618, Note_off_c, 9, 38, 64
13, 15680, Note_on_c, 9, 38, 62
13, 15682, Note_off_c, 9, 38, 64
13, 15744, Note_on_c, 9, 38, 86
13, 15746, Note_off_c, 9, 38, 64
13, 15808, Note_on_c, 9, 38, 62
13, 15810, Note_off_c, 9, 38, 64
13, 15872, Note_on_c, 9, 38, 81
13, 15874, Note_off_c, 9, 38, 64
13, 15936, Note_on_c, 9, 39, 127
13, 15938, Note_off_c, 9, 39, 64
13, 16000, Note_on_c, 9, 38, 73
13, 16002, Note_off_c, 9, 38, 64
13, 16064, Note_on_c, 9, 38, 58
13, 16066, Note_off_c, 9, 38, 64
13, 16128, Note_on_c, 9, 38, 95
13, 16128, Note_on_c, 9, 35, 104
13, 16130, Note_off_c, 9, 38, 64
13, 16130, Note_off_c, 9, 35, 64
13, 16192, Note_on_c, 9, 38, 84
13, 16192, Note_on_c, 9, 35, 77
13, 16194, Note_off_c, 9, 38, 64
13, 16194, Note_off_c, 9, 35, 64
13, 16256, Note_on_c, 9, 38, 95
13, 16256, Note_on_c, 9, 35, 83
13, 16258, Note_off_c, 9, 38, 64
13, 16258, Note_off_c, 9, 35, 64
13, 16320, Note_on_c, 9, 39, 127
13, 16320, Note_on_c, 9, 35, 104
13, 16322, Note_off_c, 9, 39, 64
13, 16322, Note_off_c, 9, 35, 64
13, 16512, Note_on_c, 9, 38, 112
13, 16512, Note_on_c, 9, 35, 103
13, 16514, Note_off_c, 9, 38, 64
13, 16514, Note_off_c, 9, 35, 64
13, 16576, Note_on_c, 9, 38, 83
13, 16576, Note_on_c, 9, 35, 66
13, 16578, Note_off_c, 9, 38, 64
13, 16578, Note_off_c, 9, 35, 64
13, 16640, Note_on_c, 9, 38, 97
13, 16640, Note_on_c, 9, 35, 77
13, 16642, Note_off_c, 9, 38, 64
13, 16642, Note_off_c, 9, 35, 64
13, 16704, Note_on_c, 9, 39, 116
13, 16704, Note_on_c, 9, 35, 101
13, 16706, Note_off_c, 9, 39, 64
13, 16706, Note_off_c, 9, 35, 64
13, 16896, Note_on_c, 9, 38, 117
13, 16896, Note_on_c, 9, 35, 101
13, 16898, Note_off_c, 9, 38, 64
13, 16898, Note_off_c, 9, 35, 64
13, 16960, Note_on_c, 9, 38, 87
13, 16960, Note_on_c, 9, 35, 77
13, 16962, Note_off_c, 9, 38, 64
13, 16962, Note_off_c, 9, 35, 64
13, 17024, Note_on_c, 9, 38, 102
13, 17024, Note_on_c, 9, 35, 90
13, 17026, Note_off_c, 9, 38, 64
13, 17026, Note_off_c, 9, 35, 64
13, 17088, Note_on_c, 9, 39, 116
13, 17088, Note_on_c, 9, 35, 97
13, 17090, Note_off_c, 9, 39, 64
13, 17090, Note_off_c, 9, 35, 64
13, 17280, Note_on_c, 9, 38, 114
13, 17280, Note_on_c, 9, 35, 99
13, 17282, Note_off_c, 9, 38, 64
13, 17282, Note_off_c, 9, 35, 64
13, 17344, Note_on_c, 9, 38, 86
13, 17344, Note_on_c, 9, 35, 73
13, 17346, Note_off_c, 9, 38, 64
13, 17346, Note_off_c, 9, 35, 64
13, 17408, Note_on_c, 9, 38, 104
13, 17408, Note_on_c, 9, 35, 90
13, 17410, Note_off_c, 9, 38, 64
13, 17410, Note_off_c, 9, 35, 64
13, 17472, Note_on_c, 9, 39, 123
13, 17472, Note_on_c, 9, 35, 98
13, 17474, Note_off_c, 9, 39, 64
13, 17474, Note_off_c, 9, 35, 64
13, 17664, Note_on_c, 9, 38, 120
13, 17664, Note_on_c, 9, 35, 97
13, 17666, Note_off_c, 9, 38, 64
13, 17666, Note_off_c, 9, 35, 64
13, 17728, Note_on_c, 9, 38, 80
13, 17728, Note_on_c, 9, 35, 74
13, 17730, Note_off_c, 9, 38, 64
13, 17730, Note_off_c, 9, 35, 64
13, 17792, Note_on_c, 9, 38, 100
13, 17792, Note_on_c, 9, 35, 90
13, 17794, Note_off_c, 9, 38, 64
13, 17794, Note_off_c, 9, 35, 64
13, 17856, Note_on_c, 9, 39, 119
13, 17856, Note_on_c, 9, 35, 100
13, 17858, Note_off_c, 9, 39, 64
13, 17858, Note_off_c, 9, 35, 64
13, 18048, Note_on_c, 9, 38, 117
13, 18048, Note_on_c, 9, 35, 102
13, 18050, Note_off_c, 9, 38, 64
13, 18050, Note_off_c, 9, 35, 64
13, 18112, Note_on_c, 9, 38, 87
13, 18112, Note_on_c, 9, 35, 69
13, 18114, Note_off_c, 9, 38, 64
13, 18114, Note_off_c, 9, 35, 64
13, 18176, Note_on_c, 9, 38, 104
13, 18176, Note_on_c, 9, 35, 83
13, 18178, Note_off_c, 9, 38, 64
13, 18178, Note_off_c, 9, 35, 64
13, 18240, Note_on_c, 9, 39, 116
13, 18240, Note_on_c, 9, 35, 100
13, 18242, Note_off_c, 9, 39, 64
13, 18242, Note_off_c, 9, 35, 64
13, 18432, Note_on_c, 9, 38, 117
13, 18432, Note_on_c, 9, 35, 108
13, 18434, Note_off_c, 9, 38, 64
13, 18434, Note_off_c, 9, 35, 64
13, 18496, Note_on_c, 9, 38, 85
13, 18496, Note_on_c, 9, 35, 78
13, 18498, Note_off_c, 9, 38, 64
13, 18498, Note_off_c, 9, 35, 64
13, 18560, Note_on_c, 9, 38, 104
13, 18560, Note_on_c, 9, 35, 86
13, 18562, Note_off_c, 9, 38, 64
13, 18562, Note_off_c, 9, 35, 64
13, 18624, Note_on_c, 9, 39, 123
13, 18624, Note_on_c, 9, 35, 107
13, 18626, Note_off_c, 9, 39, 64
13, 18626, Note_off_c, 9, 35, 64
13, 18816, Note_on_c, 9, 38, 110
13, 18816, Note_on_c, 9, 35, 104
13, 18818, Note_off_c, 9, 38, 64
13, 18818, Note_off_c, 9, 35, 64
13, 18880, Note_on_c, 9, 38, 85
13, 18880, Note_on_c, 9, 35, 78
13, 18882, Note_off_c, 9, 38, 64
13, 18882, Note_off_c, 9, 35, 64
13, 18944, Note_on_c, 9, 38, 100
13, 18944, Note_on_c, 9, 35, 83
13, 18946, Note_off_c, 9, 38, 64
13, 18946, Note_off_c, 9, 35, 64
13, 19008, Note_on_c, 9, 39, 127
13, 19008, Note_on_c, 9, 35, 105
13, 19010, Note_off_c, 9, 39, 64
13, 19010, Note_off_c, 9, 35, 64
13, 19072, Note_on_c, 9, 38, 97
13, 19072, Note_on_c, 9, 35, 88
13, 19074, Note_off_c, 9, 38, 64
13, 19074, Note_off_c, 9, 35, 64
13, 19136, Note_on_c, 9, 38, 81
13, 19136, Note_on_c, 9, 35, 84
13, 19138, Note_off_c, 9, 38, 64
13, 19138, Note_off_c, 9, 35, 64
13, 19200, Note_on_c, 9, 38, 112
13, 19200, Note_on_c, 9, 35, 103
13, 19202, Note_off_c, 9, 38, 64
13, 19202, Note_off_c, 9, 35, 64
13, 19264, Note_on_c, 9, 38, 83
13, 19264, Note_on_c, 9, 35, 89
13, 19266, Note_off_c, 9, 38, 64
13, 19266, Note_off_c, 9, 35, 64
13, 19328, Note_on_c, 9, 38, 106
13, 19328, Note_on_c, 9, 35, 85
13, 19330, Note_off_c, 9, 38, 64
13, 19330, Note_off_c, 9, 35, 64
13, 19392, Note_on_c, 9, 39, 123
13, 19392, Note_on_c, 9, 35, 108
13, 19394, Note_off_c, 9, 39, 64
13, 19394, Note_off_c, 9, 35, 64
13, 19584, Note_on_c, 9, 38, 112
13, 19584, Note_on_c, 9, 35, 105
13, 19586, Note_off_c, 9, 38, 64
13, 19586, Note_off_c, 9, 35, 64
13, 19648, Note_on_c, 9, 38, 80
13, 19648, Note_on_c, 9, 35, 83
13, 19650, Note_off_c, 9, 38, 64
13, 19650, Note_off_c, 9, 35, 64
13, 19712, Note_on_c, 9, 38, 102
13, 19712, Note_on_c, 9, 35, 97
13, 19714, Note_off_c, 9, 38, 64
13, 19714, Note_off_c, 9, 35, 64
13, 19776, Note_on_c, 9, 39, 113
13, 19776, Note_on_c, 9, 35, 107
13, 19778, Note_off_c, 9, 39, 64
13, 19778, Note_off_c, 9, 35, 64
13, 19968, Note_on_c, 9, 38, 114
13, 19968, Note_on_c, 9, 35, 109
13, 19970, Note_off_c, 9, 38, 64
13, 19970, Note_off_c, 9, 35, 64
13, 20032, Note_on_c, 9, 38, 81
13, 20032, Note_on_c, 9, 35, 82
13, 20034, Note_off_c, 9, 38, 64
13, 20034, Note_off_c, 9, 35, 64
13, 20096, Note_on_c, 9, 38, 110
13, 20096, Note_on_c, 9, 35, 90
13, 20098, Note_off_c, 9, 38, 64
13, 20098, Note_off_c, 9, 35, 64
13, 20160, Note_on_c, 9, 39, 119
13, 20160, Note_on_c, 9, 35, 108
13, 20162, Note_off_c, 9, 39, 64
13, 20162, Note_off_c, 9, 35, 64
13, 20352, Note_on_c, 9, 38, 120
13, 20352, Note_on_c, 9, 35, 108
13, 20354, Note_off_c, 9, 38, 64
13, 20354, Note_off_c, 9, 35, 64
13, 20416, Note_on_c, 9, 38, 77
13, 20416, Note_on_c, 9, 35, 77
13, 20418, Note_off_c, 9, 38, 64
13, 20418, Note_off_c, 9, 35, 64
13, 20480, Note_on_c, 9, 38, 102
13, 20480, Note_on_c, 9, 35, 90
13, 20482, Note_off_c, 9, 38, 64
13, 20482, Note_off_c, 9, 35, 64
13, 20544, Note_on_c, 9, 39, 127
13, 20544, Note_on_c, 9, 35, 108
13, 20546, Note_off_c, 9, 39, 64
13, 20546, Note_off_c, 9, 35, 64
13, 20608, Note_on_c, 9, 38, 87
13, 20610, Note_off_c, 9, 38, 64
13, 20672, Note_on_c, 9, 38, 88
13, 20674, Note_off_c, 9, 38, 64
13, 20736, Note_on_c, 9, 38, 117
13, 20736, Note_on_c, 9, 35, 112
13, 20738, Note_off_c, 9, 38, 64
13, 20738, Note_off_c, 9, 35, 64
13, 20800, Note_on_c, 9, 38, 102
13, 20800, Note_on_c, 9, 35, 85
13, 20802, Note_off_c, 9, 38, 64
13, 20802, Note_off_c, 9, 35, 64
13, 20864, Note_on_c, 9, 38, 98
13, 20864, Note_on_c, 9, 35, 94
13, 20866, Note_off_c, 9, 38, 64
13, 20866, Note_off_c, 9, 35, 64
13, 20928, Note_on_c, 9, 39, 127
13, 20928, Note_on_c, 9, 35, 107
13, 20930, Note_off_c, 9, 39, 64
13, 20930, Note_off_c, 9, 35, 64
13, 21120, Note_on_c, 9, 38, 112
13, 21120, Note_on_c, 9, 35, 117
13, 21122, Note_off_c, 9, 38, 64
13, 21122, Note_off_c, 9, 35, 64
13, 21184, Note_on_c, 9, 38, 90
13, 21184, Note_on_c, 9, 35, 83
13, 21186, Note_off_c, 9, 38, 64
13, 21186, Note_off_c, 9, 35, 64
13, 21248, Note_on_c, 9, 38, 108
13, 21248, Note_on_c, 9, 35, 98
13, 21250, Note_off_c, 9, 38, 64
13, 21250, Note_off_c, 9, 35, 64
13, 21312, Note_on_c, 9, 39, 127
13, 21312, Note_on_c, 9, 35, 119
13, 21314, Note_off_c, 9, 39, 64
13, 21314, Note_off_c, 9, 35, 64
13, 21504, Note_on_c, 9, 38, 117
13, 21504, Note_on_c, 9, 35, 119
13, 21506, Note_off_c, 9, 38, 64
13, 21506, Note_off_c, 9, 35, 64
13, 21568, Note_on_c, 9, 38, 79
13, 21568, Note_on_c, 9, 35, 78
13, 21570, Note_off_c, 9, 38, 64
13, 21570, Note_off_c, 9, 35, 64
13, 21632, Note_on_c, 9, 38, 106
13, 21632, Note_on_c, 9, 35, 87
13, 21634, Note_off_c, 9, 38, 64
13, 21634, Note_off_c, 9, 35, 64
13, 21696, Note_on_c, 9, 39, 127
13, 21696, Note_on_c, 9, 35, 114
13, 21698, Note_off_c, 9, 39, 64
13, 21698, Note_off_c, 9, 35, 64
13, 21760, Note_on_c, 9, 38, 90
13, 21760, Note_on_c, 9, 35, 80
13, 21762, Note_off_c, 9, 38, 64
13, 21762, Note_off_c, 9, 35, 64
13, 21824, Note_on_c, 9, 38, 86
13, 21824, Note_on_c, 9, 35, 82
13, 21826, Note_off_c, 9, 38, 64
13, 21826, Note_off_c, 9, 35, 64
13, 21888, Note_on_c, 9, 38, 108
13, 21888, Note_on_c, 9, 35, 103
13, 21890, Note_off_c, 9, 38, 64
13, 21890, Note_off_c, 9, 35, 64
13, 21952, Note_on_c, 9, 38, 77
13, 21952, Note_on_c, 9, 35, 71
13, 21954, Note_off_c, 9, 38, 64
13, 21954, Note_off_c, 9, 35, 64
13, 22016, Note_on_c, 9, 38, 104
13, 22016, Note_on_c, 9, 35, 90
13, 22018, Note_off_c, 9, 38, 64
13, 22018, Note_off_c, 9, 35, 64
13, 22080, Note_on_c, 9, 39, 127
13, 22080, Note_on_c, 9, 35, 115
13, 22082, Note_off_c, 9, 39, 64
13, 22082, Note_off_c, 9, 35, 64
13, 22144, Note_on_c, 9, 38, 90
13, 22144, Note_on_c, 9, 35, 81
13, 22146, Note_off_c, 9, 38, 64
13, 22146, Note_off_c, 9, 35, 64
13, 22208, Note_on_c, 9, 38, 97
13, 22208, Note_on_c, 9, 35, 83
13, 22210, Note_off_c, 9, 38, 64
13, 22210, Note_off_c, 9, 35, 64
13, 22272, Note_on_c, 9, 39, 127
13, 22272, Note_on_c, 9, 35, 115
13, 22274, Note_off_c, 9, 39, 64
13, 22274, Note_off_c, 9, 35, 64
13, 22720, Note_on_c, 9, 41, 57
13, 22722, Note_off_c, 9, 41, 64
13, 22784, Note_on_c, 9, 41, 63
13, 22786, Note_off_c, 9, 41, 64
13, 22848, Note_on_c, 9, 41, 80
13, 22850, Note_off_c, 9, 41, 64
13, 22912, Note_on_c, 9, 41, 94
13, 22914, Note_off_c, 9, 41, 64
13, 22976, Note_on_c, 9, 41, 106
13, 22978, Note_off_c, 9, 41, 64
13, 23040, Note_on_c, 9, 38, 87
13, 23040, Note_on_c, 9, 35, 102
13, 23042, Note_off_c, 9, 38, 64
13, 23042, Note_off_c, 9, 35, 64
13, 23104, Note_on_c, 9, 38, 61
13, 23106, Note_off_c, 9, 38, 64
13, 23168, Note_on_c, 9, 38, 73
13, 23170, Note_off_c, 9, 38, 64
13, 23232, Note_on_c, 9, 39, 127
13, 23234, Note_off_c, 9, 39, 64
13, 23296, Note_on_c, 9, 38, 66
13, 23298, Note_off_c, 9, 38, 64
13, 23360, Note_on_c, 9, 38, 52
13, 23362, Note_off_c, 9, 38, 64
13, 23424, Note_on_c, 9, 38, 84
13, 23424, Note_on_c, 9, 35, 96
13, 23426, Note_off_c, 9, 38, 64
13, 23426, Note_off_c, 9, 35, 64
13, 23488, Note_on_c, 9, 38, 53
13, 23490, Note_off_c, 9, 38, 64
13, 23552, Note_on_c, 9, 38, 68
13, 23554, Note_off_c, 9, 38, 64
13, 23616, Note_on_c, 9, 39, 127
13, 23618, Note_off_c, 9, 39, 64
13, 23680, Note_on_c, 9, 38, 72
13, 23682, Note_off_c, 9, 38, 64
13, 23744, Note_on_c, 9, 38, 58
13, 23744, Note_on_c, 9, 35, 87
13, 23746, Note_off_c, 9, 38, 64
13, 23746, Note_off_c, 9, 35, 64
13, 23808, Note_on_c, 9, 38, 85
13, 23808, Note_on_c, 9, 35, 101
13, 23810, Note_off_c, 9, 38, 64
13, 23810, Note_off_c, 9, 35, 64
13, 23872, Note_on_c, 9, 38, 68
13, 23874, Note_off_c, 9, 38, 64
13, 23936, Note_on_c, 9, 38, 59
13, 23938, Note_off_c, 9, 38, 64
13, 24000, Note_on_c, 9, 39, 125
13, 24002, Note_off_c, 9, 39, 64
13, 24064, Note_on_c, 9, 38, 77
13, 24066, Note_off_c, 9, 38, 64
13, 24128, Note_on_c, 9, 38, 58
13, 24130, Note_off_c, 9, 38, 64
13, 24192, Note_on_c, 9, 38, 85
13, 24192, Note_on_c, 9, 35, 98
13, 24194, Note_off_c, 9, 38, 64
13, 24194, Note_off_c, 9, 35, 64
13, 24256, Note_on_c, 9, 38, 58
13, 24258, Note_off_c, 9, 38, 64
13, 24320, Note_on_c, 9, 38, 80
13, 24322, Note_off_c, 9, 38, 64
13, 24384, Note_on_c, 9, 39, 126
13, 24386, Note_off_c, 9, 39, 64
13, 24448, Note_on_c, 9, 38, 74
13, 24450, Note_off_c, 9, 38, 64
13, 24512, Note_on_c, 9, 38, 66
13, 24512, Note_on_c, 9, 35, 92
13, 24514, Note_off_c, 9, 38, 64
13, 24514, Note_off_c, 9, 35, 64
13, 24576, Note_on_c, 9, 38, 87
13, 24576, Note_on_c, 9, 35, 102
13, 24578, Note_off_c, 9, 38, 64
13, 24578, Note_off_c, 9, 35, 64
13, 24640, Note_on_c, 9, 38, 61
13, 24642, Note_off_c, 9, 38, 64
13, 24704, Note_on_c, 9, 38, 73
13, 24706, Note_off_c, 9, 38, 64
13, 24768, Note_on_c, 9, 39, 127
13, 24770, Note_off_c, 9, 39, 64
13, 24832, Note_on_c, 9, 38, 66
13, 24834, Note_off_c, 9, 38, 64
13, 24896, Note_on_c, 9, 38, 52
13, 24898, Note_off_c, 9, 38, 64
13, 24960, Note_on_c, 9, 38, 84
13, 24960, Note_on_c, 9, 35, 97
13, 24962, Note_off_c, 9, 38, 64
13, 24962, Note_off_c, 9, 35, 64
13, 25024, Note_on_c, 9, 38, 53
13, 25026, Note_off_c, 9, 38, 64
13, 25088, Note_on_c, 9, 38, 68
13, 25090, Note_off_c, 9, 38, 64
13, 25152, Note_on_c, 9, 39, 127
13, 25154, Note_off_c, 9, 39, 64
13, 25216, Note_on_c, 9, 38, 72
13, 25218, Note_off_c, 9, 38, 64
13, 25280, Note_on_c, 9, 38, 58
13, 25280, Note_on_c, 9, 35, 83
13, 25282, Note_off_c, 9, 38, 64
13, 25282, Note_off_c, 9, 35, 64
13, 25344, Note_on_c, 9, 38, 85
13, 25344, Note_on_c, 9, 35, 101
13, 25346, Note_off_c, 9, 38, 64
13, 25346, Note_off_c, 9, 35, 64
13, 25408, Note_on_c, 9, 38, 68
13, 25410, Note_off_c, 9, 38, 64
13, 25472, Note_on_c, 9, 38, 59
13, 25474, Note_off_c, 9, 38, 64
13, 25536, Note_on_c, 9, 39, 125
13, 25538, Note_off_c, 9, 39, 64
13, 25600, Note_on_c, 9, 38, 77
13, 25602, Note_off_c, 9, 38, 64
13, 25664, Note_on_c, 9, 38, 58
13, 25666, Note_off_c, 9, 38, 64
13, 25728, Note_on_c, 9, 38, 85
13, 25728, Note_on_c, 9, 35, 100
13, 25730, Note_off_c, 9, 38, 64
13, 25730, Note_off_c, 9, 35, 64
13, 25792, Note_on_c, 9, 38, 58
13, 25794, Note_off_c, 9, 38, 64
13, 25856, Note_on_c, 9, 38, 80
13, 25858, Note_off_c, 9, 38, 64
13, 25920, Note_on_c, 9, 39, 126
13, 25922, Note_off_c, 9, 39, 64
13, 25984, Note_on_c, 9, 38, 74
13, 25986, Note_off_c, 9, 38, 64
13, 26048, Note_on_c, 9, 38, 66
13, 26048, Note_on_c, 9, 35, 74
13, 26050, Note_off_c, 9, 38, 64
13, 26050, Note_off_c, 9, 35, 64
13, 26112, Note_on_c, 9, 38, 87
13, 26112, Note_on_c, 9, 35, 105
13, 26114, Note_off_c, 9, 38, 64
13, 26114, Note_off_c, 9, 35, 64
13, 26176, Note_on_c, 9, 38, 61
13, 26178, Note_off_c, 9, 38, 64
13, 26240, Note_on_c, 9, 38, 73
13, 26242, Note_off_c, 9, 38, 64
13, 26304, Note_on_c, 9, 39, 127
13, 26306, Note_off_c, 9, 39, 64
13, 26368, Note_on_c, 9, 38, 66
13, 26370, Note_off_c, 9, 38, 64
13, 26432, Note_on_c, 9, 38, 52
13, 26434, Note_off_c, 9, 38, 64
13, 26496, Note_on_c, 9, 38, 84
13, 26496, Note_on_c, 9, 35, 104
13, 26498, Note_off_c, 9, 38, 64
13, 26498, Note_off_c, 9, 35, 64
13, 26560, Note_on_c, 9, 38, 53
13, 26562, Note_off_c, 9, 38, 64
13, 26624, Note_on_c, 9, 38, 68
13, 26626, Note_off_c, 9, 38, 64
13, 26688, Note_on_c, 9, 39, 127
13, 26690, Note_off_c, 9, 39, 64
13, 26752, Note_on_c, 9, 38, 72
13, 26754, Note_off_c, 9, 38, 64
13, 26816, Note_on_c, 9, 38, 58
13, 26816, Note_on_c, 9, 35, 78
13, 26818, Note_off_c, 9, 38, 64
13, 26818, Note_off_c, 9, 35, 64
13, 26880, Note_on_c, 9, 38, 85
13, 26880, Note_on_c, 9, 35, 108
13, 26882, Note_off_c, 9, 38, 64
13, 26882, Note_off_c, 9, 35, 64
13, 26944, Note_on_c, 9, 38, 68
13, 26946, Note_off_c, 9, 38, 64
13, 27008, Note_on_c, 9, 38, 59
13, 27010, Note_off_c, 9, 38, 64
13, 27072, Note_on_c, 9, 39, 125
13, 27074, Note_off_c, 9, 39, 64
13, 27136, Note_on_c, 9, 38, 77
13, 27138, Note_off_c, 9, 38, 64
13, 27200, Note_on_c, 9, 38, 58
13, 27202, Note_off_c, 9, 38, 64
13, 27264, Note_on_c, 9, 38, 85
13, 27264, Note_on_c, 9, 35, 102
13, 27266, Note_off_c, 9, 38, 64
13, 27266, Note_off_c, 9, 35, 64
13, 27328, Note_on_c, 9, 38, 58
13, 27330, Note_off_c, 9, 38, 64
13, 27392, Note_on_c, 9, 38, 80
13, 27394, Note_off_c, 9, 38, 64
13, 27456, Note_on_c, 9, 39, 126
13, 27458, Note_off_c, 9, 39, 64
13, 27520, Note_on_c, 9, 38, 74
13, 27522, Note_off_c, 9, 38, 64
13, 27584, Note_on_c, 9, 38, 66
13, 27584, Note_on_c, 9, 35, 70
13, 27586, Note_off_c, 9, 38, 64
13, 27586, Note_off_c, 9, 35, 64
13, 27648, Note_on_c, 9, 38, 86
13, 27648, Note_on_c, 9, 35, 105
13, 27650, Note_off_c, 9, 38, 64
13, 27650, Note_off_c, 9, 35, 64
13, 27712, Note_on_c, 9, 38, 66
13, 27714, Note_off_c, 9, 38, 64
13, 27776, Note_on_c, 9, 38, 77
13, 27778, Note_off_c, 9, 38, 64
13, 27840, Note_on_c, 9, 39, 126
13, 27842, Note_off_c, 9, 39, 64
13, 27904, Note_on_c, 9, 38, 75
13, 27906, Note_off_c, 9, 38, 64
13, 27968, Note_on_c, 9, 38, 62
13, 27970, Note_off_c, 9, 38, 64
13, 28032, Note_on_c, 9, 38, 86
13, 28032, Note_on_c, 9, 35, 108
13, 28034, Note_off_c, 9, 38, 64
13, 28034, Note_off_c, 9, 35, 64
13, 28096, Note_on_c, 9, 38, 62
13, 28098, Note_off_c, 9, 38, 64
13, 28160, Note_on_c, 9, 38, 81
13, 28162, Note_off_c, 9, 38, 64
13, 28224, Note_on_c, 9, 39, 127
13, 28226, Note_off_c, 9, 39, 64
13, 28288, Note_on_c, 9, 38, 73
13, 28290, Note_off_c, 9, 38, 64
13, 28352, Note_on_c, 9, 38, 58
13, 28352, Note_on_c, 9, 35, 77
13, 28354, Note_off_c, 9, 38, 64
13, 28354, Note_off_c, 9, 35, 64
13, 28416, Note_on_c, 9, 39, 123
13, 28416, Note_on_c, 9, 35, 109
13, 28418, Note_off_c, 9, 39, 64
13, 28418, Note_off_c, 9, 35, 64
13, 28608, Note_on_c, 9, 38, 91
13, 28610, Note_off_c, 9, 38, 64
13, 28672, Note_on_c, 9, 38, 58
13, 28674, Note_off_c, 9, 38, 64
13, 28736, Note_on_c, 9, 38, 85
13, 28738, Note_off_c, 9, 38, 64
13, 28800, Note_on_c, 9, 39, 127
13, 28802, Note_off_c, 9, 39, 64
13, 28832, Note_on_c, 9, 38, 66
13, 28834, Note_off_c, 9, 38, 64
13, 28864, Note_on_c, 9, 38, 72
13, 28866, Note_off_c, 9, 38, 64
13, 28896, Note_on_c, 9, 38, 68
13, 28898, Note_off_c, 9, 38, 64
13, 28928, Note_on_c, 9, 39, 123
13, 28930, Note_off_c, 9, 39, 64
13, 28960, Note_on_c, 9, 38, 68
13, 28962, Note_off_c, 9, 38, 64
13, 28992, Note_on_c, 9, 39, 92
13, 28994, Note_off_c, 9, 39, 64
13, 29056, Note_on_c, 9, 39, 113
13, 29058, Note_off_c, 9, 39, 64
13, 29120, Note_on_c, 9, 39, 125
13, 29122, Note_off_c, 9, 39, 64
13, 29184, Note_on_c, 9, 38, 104
13, 29184, Note_on_c, 9, 35, 102
13, 29186, Note_off_c, 9, 38, 64
13, 29186, Note_off_c, 9, 35, 64
13, 29248, Note_on_c, 9, 38, 73
13, 29250, Note_off_c, 9, 38, 64
13, 29312, Note_on_c, 9, 38, 87
13, 29314, Note_off_c, 9, 38, 64
13, 29376, Note_on_c, 9, 39, 127
13, 29378, Note_off_c, 9, 39, 64
13, 29440, Note_on_c, 9, 38, 79
13, 29442, Note_off_c, 9, 38, 64
13, 29504, Note_on_c, 9, 38, 62
13, 29506, Note_off_c, 9, 38, 64
13, 29568, Note_on_c, 9, 38, 100
13, 29568, Note_on_c, 9, 35, 96
13, 29570, Note_off_c, 9, 38, 64
13, 29570, Note_off_c, 9, 35, 64
13, 29632, Note_on_c, 9, 38, 63
13, 29634, Note_off_c, 9, 38, 64
13, 29696, Note_on_c, 9, 38, 81
13, 29698, Note_off_c, 9, 38, 64
13, 29760, Note_on_c, 9, 39, 127
13, 29762, Note_off_c, 9, 39, 64
13, 29824, Note_on_c, 9, 38, 86
13, 29826, Note_off_c, 9, 38, 64
13, 29888, Note_on_c, 9, 38, 69
13, 29888, Note_on_c, 9, 35, 87
13, 29890, Note_off_c, 9, 38, 64
13, 29890, Note_off_c, 9, 35, 64
13, 29952, Note_on_c, 9, 38, 102
13, 29952, Note_on_c, 9, 35, 101
13, 29954, Note_off_c, 9, 38, 64
13, 29954, Note_off_c, 9, 35, 64
13, 30016, Note_on_c, 9, 38, 81
13, 30018, Note_off_c, 9, 38, 64
13, 30080, Note_on_c, 9, 38, 70
13, 30082, Note_off_c, 9, 38, 64
13, 30144, Note_on_c, 9, 39, 127
13, 30146, Note_off_c, 9, 39, 64
13, 30208, Note_on_c, 9, 38, 92
13, 30210, Note_off_c, 9, 38, 64
13, 30272, Note_on_c, 9, 38, 69
13, 30274, Note_off_c, 9, 38, 64
13, 30336, Note_on_c, 9, 38, 102
13, 30336, Note_on_c, 9, 35, 98
13, 30338, Note_off_c, 9, 38, 64
13, 30338, Note_off_c, 9, 35, 64
13, 30400, Note_on_c, 9, 38, 69
13, 30402, Note_off_c, 9, 38, 64
13, 30464, Note_on_c, 9, 38, 96
13, 30466, Note_off_c, 9, 38, 64
13, 30528, Note_on_c, 9, 39, 127
13, 30530, Note_off_c, 9, 39, 64
13, 30592, Note_on_c, 9, 38, 88
13, 30594, Note_off_c, 9, 38, 64
13, 30656, Note_on_c, 9, 38, 79
13, 30656, Note_on_c, 9, 35, 92
13, 30658, Note_off_c, 9, 38, 64
13, 30658, Note_off_c, 9, 35, 64
13, 30720, Note_on_c, 9, 38, 104
13, 30720, Note_on_c, 9, 35, 102
13, 30722, Note_off_c, 9, 38, 64
13, 30722, Note_off_c, 9, 35, 64
13, 30784, Note_on_c, 9, 38, 73
13, 30786, Note_off_c, 9, 38, 64
13, 30848, Note_on_c, 9, 38, 87
13, 30850, Note_off_c, 9, 38, 64
13, 30912, Note_on_c, 9, 39, 127
13, 30914, Note_off_c, 9, 39, 64
13, 30976, Note_on_c, 9, 38, 79
13, 30978, Note_off_c, 9, 38, 64
13, 31040, Note_on_c, 9, 38, 62
13, 31042, Note_off_c, 9, 38, 64
13, 31104, Note_on_c, 9, 38, 100
13, 31104, Note_on_c, 9, 35, 97
13, 31106, Note_off_c, 9, 38, 64
13, 31106, Note_off_c, 9, 35, 64
13, 31168, Note_on_c, 9, 38, 63
13, 31170, Note_off_c, 9, 38, 64
13, 31232, Note_on_c, 9, 38, 81
13, 31234, Note_off_c, 9, 38, 64
13, 31296, Note_on_c, 9, 39, 127
13, 31298, Note_off_c, 9, 39, 64
13, 31360, Note_on_c, 9, 38, 86
13, 31362, Note_off_c, 9, 38, 64
13, 31424, Note_on_c, 9, 38, 69
13, 31424, Note_on_c, 9, 35, 83
13, 31426, Note_off_c, 9, 38, 64
13, 31426, Note_off_c, 9, 35, 64
13, 31488, Note_on_c, 9, 38, 102
13, 31488, Note_on_c, 9, 35, 101
13, 31490, Note_off_c, 9, 38, 64
13, 31490, Note_off_c, 9, 35, 64
13, 31552, Note_on_c, 9, 38, 81
13, 31554, Note_off_c, 9, 38, 64
13, 31616, Note_on_c, 9, 38, 70
13, 31618, Note_off_c, 9, 38, 64
13, 31680, Note_on_c, 9, 39, 127
13, 31682, Note_off_c, 9, 39, 64
13, 31744, Note_on_c, 9, 38, 92
13, 31746, Note_off_c, 9, 38, 64
13, 31808, Note_on_c, 9, 38, 69
13, 31810, Note_off_c, 9, 38, 64
13, 31872, Note_on_c, 9, 38, 102
13, 31872, Note_on_c, 9, 35, 100
13, 31874, Note_off_c, 9, 38, 64
13, 31874, Note_off_c, 9, 35, 64
13, 31936, Note_on_c, 9, 38, 69
13, 31938, Note_off_c, 9, 38, 64
13, 32000, Note_on_c, 9, 38, 96
13, 32002, Note_off_c, 9, 38, 64
13, 32064, Note_on_c, 9, 39, 127
13, 32066, Note_off_c, 9, 39, 64
13, 32128, Note_on_c, 9, 38, 88
13, 32130, Note_off_c, 9, 38, 64
13, 32192, Note_on_c, 9, 38, 79
13, 32192, Note_on_c, 9, 35, 74
13, 32194, Note_off_c, 9, 38, 64
13, 32194, Note_off_c, 9, 35, 64
13, 32256, Note_on_c, 9, 38, 104
13, 32256, Note_on_c, 9, 35, 105
13, 32258, Note_off_c, 9, 38, 64
13, 32258, Note_off_c, 9, 35, 64
13, 32320, Note_on_c, 9, 38, 73
13, 32322, Note_off_c, 9, 38, 64
13, 32384, Note_on_c, 9, 38, 87
13, 32386, Note_off_c, 9, 38, 64
13, 32448, Note_on_c, 9, 39, 123
13, 32450, Note_off_c, 9, 39, 64
13, 32512, Note_on_c, 9, 38, 79
13, 32514, Note_off_c, 9, 38, 64
13, 32576, Note_on_c, 9, 38, 62
13, 32578, Note_off_c, 9, 38, 64
13, 32640, Note_on_c, 9, 38, 100
13, 32640, Note_on_c, 9, 35, 104
13, 32642, Note_off_c, 9, 38, 64
13, 32642, Note_off_c, 9, 35, 64
13, 32704, Note_on_c, 9, 38, 63
13, 32706, Note_off_c, 9, 38, 64
13, 32768, Note_on_c, 9, 38, 81
13, 32770, Note_off_c, 9, 38, 64
13, 32832, Note_on_c, 9, 39, 120
13, 32834, Note_off_c, 9, 39, 64
13, 32896, Note_on_c, 9, 38, 86
13, 32898, Note_off_c, 9, 38, 64
13, 32960, Note_on_c, 9, 38, 69
13, 32960, Note_on_c, 9, 35, 78
13, 32962, Note_off_c, 9, 38, 64
13, 32962, Note_off_c, 9, 35, 64
13, 33024, Note_on_c, 9, 35, 108
13, 33026, Note_off_c, 9, 35, 64
13, 34560, Note_on_c, 9, 38, 104
13, 34560, Note_on_c, 9, 35, 102
13, 34562, Note_off_c, 9, 38, 64
13, 34562, Note_off_c, 9, 35, 64
13, 34624, Note_on_c, 9, 38, 73
13, 34626, Note_off_c, 9, 38, 64
13, 34688, Note_on_c, 9, 38, 87
13, 34690, Note_off_c, 9, 38, 64
13, 34752, Note_on_c, 9, 39, 127
13, 34754, Note_off_c, 9, 39, 64
13, 34816, Note_on_c, 9, 38, 79
13, 34818, Note_off_c, 9, 38, 64
13, 34880, Note_on_c, 9, 38, 62
13, 34882, Note_off_c, 9, 38, 64
13, 34944, Note_on_c, 9, 38, 100
13, 34944, Note_on_c, 9, 35, 96
13, 34946, Note_off_c, 9, 38, 64
13, 34946, Note_off_c, 9, 35, 64
13, 35008, Note_on_c, 9, 38, 63
13, 35010, Note_off_c, 9, 38, 64
13, 35072, Note_on_c, 9, 38, 81
13, 35074, Note_off_c, 9, 38, 64
13, 35136, Note_on_c, 9, 39, 127
13, 35138, Note_off_c, 9, 39, 64
13, 35200, Note_on_c, 9, 38, 86
13, 35202, Note_off_c, 9, 38, 64
13, 35264, Note_on_c, 9, 38, 69
13, 35264, Note_on_c, 9, 35, 87
13, 35266, Note_off_c, 9, 38, 64
13, 35266, Note_off_c, 9, 35, 64
13, 35328, Note_on_c, 9, 38, 104
13, 35328, Note_on_c, 9, 35, 101
13, 35330, Note_off_c, 9, 38, 64
13, 35330, Note_off_c, 9, 35, 64
13, 35392, Note_on_c, 9, 38, 73
13, 35394, Note_off_c, 9, 38, 64
13, 35456, Note_on_c, 9, 38, 87
13, 35458, Note_off_c, 9, 38, 64
13, 35520, Note_on_c, 9, 39, 127
13, 35522, Note_off_c, 9, 39, 64
13, 35584, Note_on_c, 9, 38, 79
13, 35586, Note_off_c, 9, 38, 64
13, 35648, Note_on_c, 9, 38, 62
13, 35650, Note_off_c, 9, 38, 64
13, 35712, Note_on_c, 9, 35, 98
13, 35714, Note_off_c, 9, 35, 64
13, 35716, Note_on_c, 9, 46, 31
13, 35718, Note_off_c, 9, 46, 64
13, 35726, Note_on_c, 9, 46, 29
13, 35728, Note_off_c, 9, 46, 64
13, 35736, Note_on_c, 9, 46, 24
13, 35738, Note_off_c, 9, 46, 64
13, 35746, Note_on_c, 9, 46, 23
13, 35748, Note_off_c, 9, 46, 64
13, 35758, Note_on_c, 9, 46, 21
13, 35760, Note_off_c, 9, 46, 64
13, 35768, Note_on_c, 9, 46, 20
13, 35770, Note_off_c, 9, 46, 64
13, 35778, Note_on_c, 9, 46, 20
13, 35780, Note_off_c, 9, 46, 64
13, 35788, Note_on_c, 9, 46, 18
13, 35790, Note_off_c, 9, 46, 64
13, 35798, Note_on_c, 9, 46, 19
13, 35800, Note_off_c, 9, 46, 64
13, 35808, Note_on_c, 9, 46, 17
13, 35810, Note_off_c, 9, 46, 64
13, 35816, Note_on_c, 9, 46, 16
13, 35818, Note_off_c, 9, 46, 64
13, 35828, Note_on_c, 9, 46, 16
13, 35830, Note_off_c, 9, 46, 64
13, 35840, Note_on_c, 9, 46, 15
13, 35842, Note_off_c, 9, 46, 64
13, 35850, Note_on_c, 9, 46, 15
13, 35852, Note_off_c, 9, 46, 64
13, 35860, Note_on_c, 9, 46, 15
13, 35862, Note_off_c, 9, 46, 64
13, 35870, Note_on_c, 9, 46, 15
13, 35872, Note_off_c, 9, 46, 64
13, 35880, Note_on_c, 9, 46, 15
13, 35882, Note_off_c, 9, 46, 64
13, 35888, Note_on_c, 9, 46, 15
13, 35890, Note_off_c, 9, 46, 64
13, 35898, Note_on_c, 9, 46, 15
13, 35900, Note_off_c, 9, 46, 64
13, 35910, Note_on_c, 9, 46, 16
13, 35912, Note_off_c, 9, 46, 64
13, 35920, Note_on_c, 9, 46, 18
13, 35922, Note_off_c, 9, 46, 64
13, 35932, Note_on_c, 9, 46, 19
13, 35934, Note_off_c, 9, 46, 64
13, 35942, Note_on_c, 9, 46, 20
13, 35944, Note_off_c, 9, 46, 64
13, 35952, Note_on_c, 9, 46, 21
13, 35954, Note_off_c, 9, 46, 64
13, 35960, Note_on_c, 9, 46, 22
13, 35962, Note_off_c, 9, 46, 64
13, 35970, Note_on_c, 9, 46, 23
13, 35972, Note_off_c, 9, 46, 64
13, 35980, Note_on_c, 9, 46, 25
13, 35982, Note_off_c, 9, 46, 64
13, 35992, Note_on_c, 9, 46, 27
13, 35994, Note_off_c, 9, 46, 64
13, 36002, Note_on_c, 9, 46, 29
13, 36004, Note_off_c, 9, 46, 64
13, 36014, Note_on_c, 9, 46, 29
13, 36016, Note_off_c, 9, 46, 64
13, 36024, Note_on_c, 9, 46, 30
13, 36026, Note_off_c, 9, 46, 64
13, 36032, Note_on_c, 9, 46, 30
13, 36034, Note_off_c, 9, 46, 64
13, 36042, Note_on_c, 9, 46, 31
13, 36044, Note_off_c, 9, 46, 64
13, 36052, Note_on_c, 9, 46, 32
13, 36054, Note_off_c, 9, 46, 64
13, 36062, Note_on_c, 9, 46, 34
13, 36064, Note_off_c, 9, 46, 64
13, 36072, Note_on_c, 9, 46, 37
13, 36074, Note_off_c, 9, 46, 64
13, 36084, Note_on_c, 9, 46, 42
13, 36086, Note_off_c, 9, 46, 64
13, 36096, Note_on_c, 9, 46, 47
13, 36098, Note_off_c, 9, 46, 64
13, 36106, Note_on_c, 9, 46, 47
13, 36108, Note_off_c, 9, 46, 64
13, 36118, Note_on_c, 9, 46, 45
13, 36120, Note_off_c, 9, 46, 64
13, 36128, Note_on_c, 9, 46, 44
13, 36130, Note_off_c, 9, 46, 64
13, 36138, Note_on_c, 9, 46, 42
13, 36140, Note_off_c, 9, 46, 64
13, 36148, Note_on_c, 9, 46, 40
13, 36150, Note_off_c, 9, 46, 64
13, 36158, Note_on_c, 9, 46, 40
13, 36160, Note_off_c, 9, 46, 64
13, 36168, Note_on_c, 9, 46, 39
13, 36170, Note_off_c, 9, 46, 64
13, 36176, Note_on_c, 9, 46, 38
13, 36178, Note_off_c, 9, 46, 64
13, 36188, Note_on_c, 9, 46, 36
13, 36190, Note_off_c, 9, 46, 64
13, 36200, Note_on_c, 9, 46, 36
13, 36202, Note_off_c, 9, 46, 64
13, 36210, Note_on_c, 9, 46, 35
13, 36212, Note_off_c, 9, 46, 64
13, 36220, Note_on_c, 9, 46, 35
13, 36222, Note_off_c, 9, 46, 64
13, 36230, Note_on_c, 9, 46, 34
13, 36232, Note_off_c, 9, 46, 64
13, 36240, Note_on_c, 9, 46, 32
13, 36242, Note_off_c, 9, 46, 64
13, 36248, Note_on_c, 9, 46, 36
13, 36250, Note_off_c, 9, 46, 64
13, 36258, Note_on_c, 9, 46, 33
13, 36260, Note_off_c, 9, 46, 64
13, 36270, Note_on_c, 9, 46, 33
13, 36272, Note_off_c, 9, 46, 64
13, 36280, Note_on_c, 9, 46, 31
13, 36282, Note_off_c, 9, 46, 64
13, 36292, Note_on_c, 9, 46, 31
13, 36294, Note_off_c, 9, 46, 64
13, 36302, Note_on_c, 9, 46, 30
13, 36304, Note_off_c, 9, 46, 64
13, 36312, Note_on_c, 9, 46, 30
13, 36314, Note_off_c, 9, 46, 64
13, 36320, Note_on_c, 9, 46, 30
13, 36322, Note_off_c, 9, 46, 64
13, 36330, Note_on_c, 9, 46, 30
13, 36332, Note_off_c, 9, 46, 64
13, 36340, Note_on_c, 9, 46, 30
13, 36342, Note_off_c, 9, 46, 64
13, 36352, Note_on_c, 9, 46, 31
13, 36354, Note_off_c, 9, 46, 64
13, 36362, Note_on_c, 9, 46, 32
13, 36364, Note_off_c, 9, 46, 64
13, 36374, Note_on_c, 9, 46, 32
13, 36376, Note_off_c, 9, 46, 64
13, 36384, Note_on_c, 9, 46, 33
13, 36386, Note_off_c, 9, 46, 64
13, 36392, Note_on_c, 9, 46, 34
13, 36394, Note_off_c, 9, 46, 64
13, 36402, Note_on_c, 9, 46, 34
13, 36404, Note_off_c, 9, 46, 64
13, 36412, Note_on_c, 9, 46, 35
13, 36414, Note_off_c, 9, 46, 64
13, 36422, Note_on_c, 9, 46, 36
13, 36424, Note_off_c, 9, 46, 64
13, 36432, Note_on_c, 9, 46, 38
13, 36434, Note_off_c, 9, 46, 64
13, 36444, Note_on_c, 9, 46, 39
13, 36446, Note_off_c, 9, 46, 64
13, 36456, Note_on_c, 9, 46, 39
13, 36458, Note_off_c, 9, 46, 64
13, 36464, Note_on_c, 9, 46, 39
13, 36466, Note_off_c, 9, 46, 64
13, 36474, Note_on_c, 9, 46, 39
13, 36476, Note_off_c, 9, 46, 64
13, 36484, Note_on_c, 9, 46, 39
13, 36486, Note_off_c, 9, 46, 64
13, 36494, Note_on_c, 9, 46, 39
13, 36496, Note_off_c, 9, 46, 64
13, 36504, Note_on_c, 9, 46, 39
13, 36506, Note_off_c, 9, 46, 64
13, 36514, Note_on_c, 9, 46, 38
13, 36516, Note_off_c, 9, 46, 64
13, 36526, Note_on_c, 9, 46, 36
13, 36528, Note_off_c, 9, 46, 64
13, 36536, Note_on_c, 9, 46, 34
13, 36538, Note_off_c, 9, 46, 64
13, 36546, Note_on_c, 9, 46, 34
13, 36548, Note_off_c, 9, 46, 64
13, 36556, Note_on_c, 9, 46, 34
13, 36558, Note_off_c, 9, 46, 64
13, 36566, Note_on_c, 9, 46, 31
13, 36568, Note_off_c, 9, 46, 64
13, 36576, Note_on_c, 9, 46, 29
13, 36578, Note_off_c, 9, 46, 64
13, 36584, Note_on_c, 9, 46, 29
13, 36586, Note_off_c, 9, 46, 64
13, 36596, Note_on_c, 9, 46, 29
13, 36598, Note_off_c, 9, 46, 64
13, 36608, Note_on_c, 9, 46, 27
13, 36610, Note_off_c, 9, 46, 64
13, 36618, Note_on_c, 9, 46, 27
13, 36620, Note_off_c, 9, 46, 64
13, 36628, Note_on_c, 9, 46, 26
13, 36630, Note_off_c, 9, 46, 64
13, 36638, Note_on_c, 9, 46, 25
13, 36640, Note_off_c, 9, 46, 64
13, 36648, Note_on_c, 9, 46, 25
13, 36650, Note_off_c, 9, 46, 64
13, 36656, Note_on_c, 9, 46, 25
13, 36658, Note_off_c, 9, 46, 64
13, 36666, Note_on_c, 9, 46, 25
13, 36668, Note_off_c, 9, 46, 64
13, 36678, Note_on_c, 9, 46, 25
13, 36680, Note_off_c, 9, 46, 64
13, 36688, Note_on_c, 9, 46, 25
13, 36690, Note_off_c, 9, 46, 64
13, 36700, Note_on_c, 9, 46, 25
13, 36702, Note_off_c, 9, 46, 64
13, 36710, Note_on_c, 9, 46, 26
13, 36712, Note_off_c, 9, 46, 64
13, 36720, Note_on_c, 9, 46, 27
13, 36722, Note_off_c, 9, 46, 64
13, 36728, Note_on_c, 9, 46, 27
13, 36730, Note_off_c, 9, 46, 64
13, 36738, Note_on_c, 9, 46, 29
13, 36740, Note_off_c, 9, 46, 64
13, 36748, Note_on_c, 9, 46, 31
13, 36750, Note_off_c, 9, 46, 64
13, 36760, Note_on_c, 9, 46, 32
13, 36762, Note_off_c, 9, 46, 64
13, 36770, Note_on_c, 9, 46, 34
13, 36772, Note_off_c, 9, 46, 64
13, 36782, Note_on_c, 9, 46, 36
13, 36784, Note_off_c, 9, 46, 64
13, 36792, Note_on_c, 9, 46, 37
13, 36794, Note_off_c, 9, 46, 64
13, 36800, Note_on_c, 9, 46, 38
13, 36802, Note_off_c, 9, 46, 64
13, 36810, Note_on_c, 9, 46, 39
13, 36812, Note_off_c, 9, 46, 64
13, 36820, Note_on_c, 9, 46, 40
13, 36822, Note_off_c, 9, 46, 64
13, 36830, Note_on_c, 9, 46, 41
13, 36832, Note_off_c, 9, 46, 64
13, 36840, Note_on_c, 9, 46, 42
13, 36842, Note_off_c, 9, 46, 64
13, 36852, Note_on_c, 9, 46, 42
13, 36854, Note_off_c, 9, 46, 64
13, 36864, Note_on_c, 9, 46, 43
13, 36866, Note_off_c, 9, 46, 64
13, 36874, Note_on_c, 9, 46, 44
13, 36876, Note_off_c, 9, 46, 64
13, 36886, Note_on_c, 9, 46, 44
13, 36888, Note_off_c, 9, 46, 64
13, 36896, Note_on_c, 9, 46, 44
13, 36898, Note_off_c, 9, 46, 64
13, 36906, Note_on_c, 9, 46, 44
13, 36908, Note_off_c, 9, 46, 64
13, 36916, Note_on_c, 9, 46, 44
13, 36918, Note_off_c, 9, 46, 64
13, 36926, Note_on_c, 9, 46, 44
13, 36928, Note_off_c, 9, 46, 64
13, 36936, Note_on_c, 9, 46, 43
13, 36938, Note_off_c, 9, 46, 64
13, 36944, Note_on_c, 9, 46, 43
13, 36946, Note_off_c, 9, 46, 64
13, 36956, Note_on_c, 9, 46, 42
13, 36958, Note_off_c, 9, 46, 64
13, 36968, Note_on_c, 9, 46, 42
13, 36970, Note_off_c, 9, 46, 64
13, 36978, Note_on_c, 9, 46, 41
13, 36980, Note_off_c, 9, 46, 64
13, 36988, Note_on_c, 9, 46, 41
13, 36990, Note_off_c, 9, 46, 64
13, 36998, Note_on_c, 9, 46, 40
13, 37000, Note_off_c, 9, 46, 64
13, 37008, Note_on_c, 9, 46, 39
13, 37010, Note_off_c, 9, 46, 64
13, 37016, Note_on_c, 9, 46, 39
13, 37018, Note_off_c, 9, 46, 64
13, 37026, Note_on_c, 9, 46, 37
13, 37028, Note_off_c, 9, 46, 64
13, 37038, Note_on_c, 9, 46, 36
13, 37040, Note_off_c, 9, 46, 64
13, 37048, Note_on_c, 9, 46, 35
13, 37050, Note_off_c, 9, 46, 64
13, 37060, Note_on_c, 9, 46, 34
13, 37062, Note_off_c, 9, 46, 64
13, 37070, Note_on_c, 9, 46, 34
13, 37072, Note_off_c, 9, 46, 64
13, 37080, Note_on_c, 9, 46, 33
13, 37082, Note_off_c, 9, 46, 64
13, 37088, Note_on_c, 9, 46, 32
13, 37090, Note_off_c, 9, 46, 64
13, 37098, Note_on_c, 9, 46, 32
13, 37100, Note_off_c, 9, 46, 64
13, 37108, Note_on_c, 9, 46, 30
13, 37110, Note_off_c, 9, 46, 64
13, 37120, Note_on_c, 9, 46, 28
13, 37122, Note_off_c, 9, 46, 64
13, 37130, Note_on_c, 9, 46, 28
13, 37132, Note_off_c, 9, 46, 64
13, 37142, Note_on_c, 9, 46, 26
13, 37144, Note_off_c, 9, 46, 64
13, 37152, Note_on_c, 9, 46, 26
13, 37154, Note_off_c, 9, 46, 64
13, 37160, Note_on_c, 9, 46, 25
13, 37162, Note_off_c, 9, 46, 64
13, 37170, Note_on_c, 9, 46, 25
13, 37172, Note_off_c, 9, 46, 64
13, 37180, Note_on_c, 9, 46, 24
13, 37182, Note_off_c, 9, 46, 64
13, 37190, Note_on_c, 9, 46, 23
13, 37192, Note_off_c, 9, 46, 64
13, 37200, Note_on_c, 9, 46, 22
13, 37202, Note_off_c, 9, 46, 64
13, 37208, Note_on_c, 9, 38, 67
13, 37210, Note_off_c, 9, 38, 64
13, 37212, Note_on_c, 9, 46, 20
13, 37214, Note_off_c, 9, 46, 64
13, 37220, Note_on_c, 9, 38, 86
13, 37222, Note_off_c, 9, 38, 64
13, 37224, Note_on_c, 9, 46, 19
13, 37226, Note_off_c, 9, 46, 64
13, 37232, Note_on_c, 9, 46, 18
13, 37234, Note_off_c, 9, 46, 64
13, 37234, Note_on_c, 9, 38, 105
13, 37236, Note_off_c, 9, 38, 64
13, 37242, Note_on_c, 9, 46, 18
13, 37244, Note_off_c, 9, 46, 64
13, 37248, Note_on_c, 9, 35, 126
13, 37250, Note_off_c, 9, 35, 64
13, 37250, End_track
14, 0, Start_track
14, 0, MIDI_port, 0
14, 0, Title_t, "PUT YOUR HEAD ON 11 "
14, 296, Program_c, 10, 25
14, 298, Control_c, 10, 7, 105
14, 298, Control_c, 10, 10, 20
14, 298, Control_c, 10, 11, 127
14, 300, Control_c, 10, 91, 50
14, 300, Control_c, 10, 93, 20
14, 16128, Note_on_c, 10, 66, 57
14, 16128, Note_on_c, 10, 60, 54
14, 16128, Note_on_c, 10, 69, 63
14, 16130, Control_c, 10, 1, 0
14, 16130, Pitch_bend_c, 10, 8192
14, 16180, Note_off_c, 10, 66, 64
14, 16180, Note_off_c, 10, 60, 64
14, 16180, Note_off_c, 10, 69, 64
14, 16192, Note_on_c, 10, 60, 48
14, 16192, Note_on_c, 10, 69, 51
14, 16192, Note_on_c, 10, 66, 49
14, 16244, Note_off_c, 10, 60, 64
14, 16244, Note_off_c, 10, 69, 64
14, 16244, Note_off_c, 10, 66, 64
14, 16256, Note_on_c, 10, 66, 54
14, 16256, Note_on_c, 10, 69, 61
14, 16256, Note_on_c, 10, 60, 58
14, 16308, Note_off_c, 10, 66, 64
14, 16308, Note_off_c, 10, 69, 64
14, 16308, Note_off_c, 10, 60, 64
14, 16320, Note_on_c, 10, 66, 79
14, 16320, Note_on_c, 10, 69, 79
14, 16320, Note_on_c, 10, 60, 79
14, 16384, Note_off_c, 10, 66, 64
14, 16384, Note_off_c, 10, 69, 64
14, 16386, Note_off_c, 10, 60, 64
14, 16512, Note_on_c, 10, 66, 63
14, 16512, Note_on_c, 10, 60, 63
14, 16512, Note_on_c, 10, 69, 63
14, 16564, Note_off_c, 10, 66, 64
14, 16564, Note_off_c, 10, 60, 64
14, 16564, Note_off_c, 10, 69, 64
14, 16576, Note_on_c, 10, 66, 48
14, 16576, Note_on_c, 10, 69, 59
14, 16576, Note_on_c, 10, 60, 54
14, 16628, Note_off_c, 10, 66, 64
14, 16628, Note_off_c, 10, 69, 64
14, 16628, Note_off_c, 10, 60, 64
14, 16640, Note_on_c, 10, 66, 61
14, 16640, Note_on_c, 10, 60, 64
14, 16640, Note_on_c, 10, 69, 66
14, 16692, Note_off_c, 10, 66, 64
14, 16692, Note_off_c, 10, 60, 64
14, 16692, Note_off_c, 10, 69, 64
14, 16704, Note_on_c, 10, 66, 80
14, 16704, Note_on_c, 10, 60, 74
14, 16704, Note_on_c, 10, 69, 81
14, 16756, Note_off_c, 10, 69, 64
14, 16760, Note_off_c, 10, 66, 64
14, 16768, Note_off_c, 10, 60, 64
14, 16896, Note_on_c, 10, 59, 63
14, 16896, Note_on_c, 10, 67, 63
14, 16896, Note_on_c, 10, 62, 63
14, 16948, Note_off_c, 10, 59, 64
14, 16948, Note_off_c, 10, 67, 64
14, 16948, Note_off_c, 10, 62, 64
14, 16960, Note_on_c, 10, 67, 61
14, 16960, Note_on_c, 10, 62, 58
14, 16960, Note_on_c, 10, 59, 53
14, 17012, Note_off_c, 10, 67, 64
14, 17012, Note_off_c, 10, 62, 64
14, 17012, Note_off_c, 10, 59, 64
14, 17024, Note_on_c, 10, 67, 64
14, 17024, Note_on_c, 10, 62, 58
14, 17024, Note_on_c, 10, 59, 50
14, 17076, Note_off_c, 10, 67, 64
14, 17076, Note_off_c, 10, 62, 64
14, 17076, Note_off_c, 10, 59, 64
14, 17088, Note_on_c, 10, 62, 81
14, 17088, Note_on_c, 10, 59, 72
14, 17088, Note_on_c, 10, 67, 81
14, 17148, Note_off_c, 10, 67, 64
14, 17152, Note_off_c, 10, 62, 64
14, 17152, Note_off_c, 10, 59, 64
14, 17276, Note_on_c, 10, 59, 63
14, 17280, Note_on_c, 10, 62, 70
14, 17280, Note_on_c, 10, 67, 70
14, 17328, Note_off_c, 10, 59, 64
14, 17332, Note_off_c, 10, 62, 64
14, 17332, Note_off_c, 10, 67, 64
14, 17344, Note_on_c, 10, 59, 53
14, 17344, Note_on_c, 10, 62, 57
14, 17344, Note_on_c, 10, 67, 59
14, 17396, Note_off_c, 10, 59, 64
14, 17396, Note_off_c, 10, 62, 64
14, 17396, Note_off_c, 10, 67, 64
14, 17404, Note_on_c, 10, 67, 72
14, 17404, Note_on_c, 10, 59, 63
14, 17404, Note_on_c, 10, 62, 66
14, 17456, Note_off_c, 10, 67, 64
14, 17456, Note_off_c, 10, 59, 64
14, 17456, Note_off_c, 10, 62, 64
14, 17472, Note_on_c, 10, 59, 80
14, 17472, Note_on_c, 10, 62, 80
14, 17472, Note_on_c, 10, 67, 80
14, 17524, Note_off_c, 10, 59, 64
14, 17524, Note_off_c, 10, 62, 64
14, 17528, Note_off_c, 10, 67, 64
14, 17664, Note_on_c, 10, 66, 57
14, 17664, Note_on_c, 10, 60, 54
14, 17664, Note_on_c, 10, 69, 63
14, 17716, Note_off_c, 10, 66, 64
14, 17716, Note_off_c, 10, 60, 64
14, 17716, Note_off_c, 10, 69, 64
14, 17728, Note_on_c, 10, 60, 48
14, 17728, Note_on_c, 10, 69, 51
14, 17728, Note_on_c, 10, 66, 49
14, 17780, Note_off_c, 10, 60, 64
14, 17780, Note_off_c, 10, 69, 64
14, 17780, Note_off_c, 10, 66, 64
14, 17792, Note_on_c, 10, 66, 54
14, 17792, Note_on_c, 10, 69, 61
14, 17792, Note_on_c, 10, 60, 58
14, 17844, Note_off_c, 10, 66, 64
14, 17844, Note_off_c, 10, 69, 64
14, 17844, Note_off_c, 10, 60, 64
14, 17856, Note_on_c, 10, 66, 79
14, 17856, Note_on_c, 10, 69, 79
14, 17856, Note_on_c, 10, 60, 79
14, 17920, Note_off_c, 10, 66, 64
14, 17920, Note_off_c, 10, 69, 64
14, 17922, Note_off_c, 10, 60, 64
14, 18048, Note_on_c, 10, 66, 63
14, 18048, Note_on_c, 10, 60, 63
14, 18048, Note_on_c, 10, 69, 63
14, 18100, Note_off_c, 10, 66, 64
14, 18100, Note_off_c, 10, 60, 64
14, 18100, Note_off_c, 10, 69, 64
14, 18112, Note_on_c, 10, 66, 48
14, 18112, Note_on_c, 10, 69, 59
14, 18112, Note_on_c, 10, 60, 54
14, 18164, Note_off_c, 10, 66, 64
14, 18164, Note_off_c, 10, 69, 64
14, 18164, Note_off_c, 10, 60, 64
14, 18176, Note_on_c, 10, 66, 61
14, 18176, Note_on_c, 10, 60, 64
14, 18176, Note_on_c, 10, 69, 66
14, 18228, Note_off_c, 10, 66, 64
14, 18228, Note_off_c, 10, 60, 64
14, 18228, Note_off_c, 10, 69, 64
14, 18240, Note_on_c, 10, 66, 80
14, 18240, Note_on_c, 10, 60, 74
14, 18240, Note_on_c, 10, 69, 81
14, 18292, Note_off_c, 10, 69, 64
14, 18296, Note_off_c, 10, 66, 64
14, 18304, Note_off_c, 10, 60, 64
14, 18432, Note_on_c, 10, 59, 63
14, 18432, Note_on_c, 10, 67, 63
14, 18432, Note_on_c, 10, 62, 63
14, 18484, Note_off_c, 10, 59, 64
14, 18484, Note_off_c, 10, 67, 64
14, 18484, Note_off_c, 10, 62, 64
14, 18496, Note_on_c, 10, 67, 61
14, 18496, Note_on_c, 10, 62, 58
14, 18496, Note_on_c, 10, 59, 53
14, 18548, Note_off_c, 10, 67, 64
14, 18548, Note_off_c, 10, 62, 64
14, 18548, Note_off_c, 10, 59, 64
14, 18560, Note_on_c, 10, 67, 64
14, 18560, Note_on_c, 10, 62, 58
14, 18560, Note_on_c, 10, 59, 50
14, 18612, Note_off_c, 10, 67, 64
14, 18612, Note_off_c, 10, 62, 64
14, 18612, Note_off_c, 10, 59, 64
14, 18624, Note_on_c, 10, 62, 81
14, 18624, Note_on_c, 10, 59, 72
14, 18624, Note_on_c, 10, 67, 81
14, 18684, Note_off_c, 10, 67, 64
14, 18688, Note_off_c, 10, 62, 64
14, 18688, Note_off_c, 10, 59, 64
14, 18816, Note_on_c, 10, 59, 70
14, 18816, Note_on_c, 10, 67, 70
14, 18816, Note_on_c, 10, 62, 70
14, 18868, Note_off_c, 10, 59, 64
14, 18868, Note_off_c, 10, 67, 64
14, 18868, Note_off_c, 10, 62, 64
14, 18880, Note_on_c, 10, 67, 72
14, 18880, Note_on_c, 10, 62, 70
14, 18880, Note_on_c, 10, 59, 63
14, 18932, Note_off_c, 10, 67, 64
14, 18932, Note_off_c, 10, 62, 64
14, 18932, Note_off_c, 10, 59, 64
14, 18944, Note_on_c, 10, 67, 77
14, 18944, Note_on_c, 10, 62, 70
14, 18944, Note_on_c, 10, 59, 60
14, 18996, Note_off_c, 10, 67, 64
14, 18996, Note_off_c, 10, 62, 64
14, 18996, Note_off_c, 10, 59, 64
14, 19008, Note_on_c, 10, 59, 76
14, 19008, Note_on_c, 10, 67, 76
14, 19008, Note_on_c, 10, 62, 76
14, 19060, Note_off_c, 10, 59, 64
14, 19060, Note_off_c, 10, 67, 64
14, 19060, Note_off_c, 10, 62, 64
14, 19072, Note_on_c, 10, 67, 80
14, 19072, Note_on_c, 10, 62, 76
14, 19072, Note_on_c, 10, 59, 69
14, 19124, Note_off_c, 10, 67, 64
14, 19124, Note_off_c, 10, 62, 64
14, 19124, Note_off_c, 10, 59, 64
14, 19136, Note_on_c, 10, 67, 84
14, 19136, Note_on_c, 10, 62, 76
14, 19136, Note_on_c, 10, 59, 65
14, 19188, Note_off_c, 10, 67, 64
14, 19188, Note_off_c, 10, 62, 64
14, 19188, Note_off_c, 10, 59, 64
14, 19200, Note_on_c, 10, 64, 63
14, 19200, Note_on_c, 10, 66, 57
14, 19200, Note_on_c, 10, 58, 54
14, 19252, Note_off_c, 10, 64, 64
14, 19252, Note_off_c, 10, 66, 64
14, 19252, Note_off_c, 10, 58, 64
14, 19264, Note_on_c, 10, 64, 51
14, 19264, Note_on_c, 10, 58, 48
14, 19264, Note_on_c, 10, 66, 49
14, 19316, Note_off_c, 10, 64, 64
14, 19316, Note_off_c, 10, 58, 64
14, 19316, Note_off_c, 10, 66, 64
14, 19328, Note_on_c, 10, 64, 61
14, 19328, Note_on_c, 10, 58, 58
14, 19328, Note_on_c, 10, 66, 54
14, 19380, Note_off_c, 10, 64, 64
14, 19380, Note_off_c, 10, 58, 64
14, 19380, Note_off_c, 10, 66, 64
14, 19392, Note_on_c, 10, 64, 79
14, 19392, Note_on_c, 10, 58, 79
14, 19392, Note_on_c, 10, 66, 79
14, 19456, Note_off_c, 10, 64, 64
14, 19456, Note_off_c, 10, 66, 64
14, 19458, Note_off_c, 10, 58, 64
14, 19584, Note_on_c, 10, 58, 63
14, 19584, Note_on_c, 10, 64, 63
14, 19584, Note_on_c, 10, 66, 63
14, 19636, Note_off_c, 10, 58, 64
14, 19636, Note_off_c, 10, 64, 64
14, 19636, Note_off_c, 10, 66, 64
14, 19648, Note_on_c, 10, 58, 54
14, 19648, Note_on_c, 10, 64, 59
14, 19648, Note_on_c, 10, 66, 48
14, 19700, Note_off_c, 10, 58, 64
14, 19700, Note_off_c, 10, 64, 64
14, 19700, Note_off_c, 10, 66, 64
14, 19712, Note_on_c, 10, 58, 64
14, 19712, Note_on_c, 10, 64, 66
14, 19712, Note_on_c, 10, 66, 61
14, 19764, Note_off_c, 10, 58, 64
14, 19764, Note_off_c, 10, 64, 64
14, 19764, Note_off_c, 10, 66, 64
14, 19776, Note_on_c, 10, 58, 74
14, 19776, Note_on_c, 10, 64, 81
14, 19776, Note_on_c, 10, 66, 80
14, 19828, Note_off_c, 10, 64, 64
14, 19832, Note_off_c, 10, 66, 64
14, 19840, Note_off_c, 10, 58, 64
14, 19968, Note_on_c, 10, 59, 63
14, 19968, Note_on_c, 10, 62, 63
14, 19968, Note_on_c, 10, 66, 63
14, 20020, Note_off_c, 10, 59, 64
14, 20020, Note_off_c, 10, 62, 64
14, 20020, Note_off_c, 10, 66, 64
14, 20032, Note_on_c, 10, 66, 61
14, 20032, Note_on_c, 10, 62, 58
14, 20032, Note_on_c, 10, 59, 53
14, 20084, Note_off_c, 10, 66, 64
14, 20084, Note_off_c, 10, 62, 64
14, 20084, Note_off_c, 10, 59, 64
14, 20096, Note_on_c, 10, 66, 64
14, 20096, Note_on_c, 10, 62, 58
14, 20096, Note_on_c, 10, 59, 50
14, 20148, Note_off_c, 10, 66, 64
14, 20148, Note_off_c, 10, 62, 64
14, 20148, Note_off_c, 10, 59, 64
14, 20160, Note_on_c, 10, 66, 81
14, 20160, Note_on_c, 10, 62, 81
14, 20160, Note_on_c, 10, 59, 72
14, 20220, Note_off_c, 10, 66, 64
14, 20224, Note_off_c, 10, 62, 64
14, 20224, Note_off_c, 10, 59, 64
14, 20352, Note_on_c, 10, 59, 63
14, 20352, Note_on_c, 10, 66, 70
14, 20352, Note_on_c, 10, 62, 70
14, 20404, Note_off_c, 10, 59, 64
14, 20404, Note_off_c, 10, 66, 64
14, 20404, Note_off_c, 10, 62, 64
14, 20416, Note_on_c, 10, 66, 67
14, 20416, Note_on_c, 10, 59, 67
14, 20416, Note_on_c, 10, 62, 67
14, 20468, Note_off_c, 10, 66, 64
14, 20468, Note_off_c, 10, 59, 64
14, 20468, Note_off_c, 10, 62, 64
14, 20476, Note_on_c, 10, 66, 73
14, 20476, Note_on_c, 10, 59, 73
14, 20476, Note_on_c, 10, 62, 73
14, 20528, Note_off_c, 10, 66, 64
14, 20528, Note_off_c, 10, 59, 64
14, 20528, Note_off_c, 10, 62, 64
14, 20544, Note_on_c, 10, 59, 76
14, 20544, Note_on_c, 10, 66, 76
14, 20544, Note_on_c, 10, 62, 76
14, 20596, Note_off_c, 10, 59, 64
14, 20596, Note_off_c, 10, 66, 64
14, 20596, Note_off_c, 10, 62, 64
14, 20608, Note_on_c, 10, 66, 79
14, 20608, Note_on_c, 10, 59, 79
14, 20608, Note_on_c, 10, 62, 79
14, 20660, Note_off_c, 10, 66, 64
14, 20660, Note_off_c, 10, 59, 64
14, 20660, Note_off_c, 10, 62, 64
14, 20668, Note_on_c, 10, 66, 86
14, 20668, Note_on_c, 10, 59, 75
14, 20668, Note_on_c, 10, 62, 79
14, 20720, Note_off_c, 10, 66, 64
14, 20720, Note_off_c, 10, 59, 64
14, 20720, Note_off_c, 10, 62, 64
14, 20736, Note_on_c, 10, 67, 63
14, 20736, Note_on_c, 10, 64, 63
14, 20736, Note_on_c, 10, 61, 63
14, 20788, Note_off_c, 10, 67, 64
14, 20788, Note_off_c, 10, 64, 64
14, 20788, Note_off_c, 10, 61, 64
14, 20800, Note_on_c, 10, 67, 70
14, 20800, Note_on_c, 10, 64, 70
14, 20800, Note_on_c, 10, 61, 70
14, 20852, Note_off_c, 10, 67, 64
14, 20852, Note_off_c, 10, 64, 64
14, 20852, Note_off_c, 10, 61, 64
14, 20864, Note_on_c, 10, 67, 76
14, 20864, Note_on_c, 10, 64, 76
14, 20864, Note_on_c, 10, 61, 76
14, 20916, Note_off_c, 10, 67, 64
14, 20916, Note_off_c, 10, 64, 64
14, 20916, Note_off_c, 10, 61, 64
14, 20928, Note_on_c, 10, 67, 87
14, 20928, Note_on_c, 10, 64, 87
14, 20928, Note_on_c, 10, 61, 87
14, 20992, Note_off_c, 10, 67, 64
14, 20992, Note_off_c, 10, 64, 64
14, 20994, Note_off_c, 10, 61, 64
14, 21120, Note_on_c, 10, 67, 63
14, 21120, Note_on_c, 10, 64, 63
14, 21120, Note_on_c, 10, 61, 63
14, 21172, Note_off_c, 10, 67, 64
14, 21172, Note_off_c, 10, 64, 64
14, 21172, Note_off_c, 10, 61, 64
14, 21184, Note_on_c, 10, 67, 70
14, 21184, Note_on_c, 10, 64, 70
14, 21184, Note_on_c, 10, 61, 70
14, 21236, Note_off_c, 10, 67, 64
14, 21236, Note_off_c, 10, 64, 64
14, 21236, Note_off_c, 10, 61, 64
14, 21248, Note_on_c, 10, 67, 77
14, 21248, Note_on_c, 10, 64, 77
14, 21248, Note_on_c, 10, 61, 77
14, 21300, Note_off_c, 10, 67, 64
14, 21300, Note_off_c, 10, 64, 64
14, 21300, Note_off_c, 10, 61, 64
14, 21312, Note_on_c, 10, 67, 87
14, 21312, Note_on_c, 10, 64, 87
14, 21312, Note_on_c, 10, 61, 87
14, 21364, Note_off_c, 10, 67, 64
14, 21368, Note_off_c, 10, 64, 64
14, 21376, Note_off_c, 10, 61, 64
14, 21504, Note_on_c, 10, 60, 74
14, 21504, Note_on_c, 10, 66, 74
14, 21504, Note_on_c, 10, 69, 74
14, 21556, Note_off_c, 10, 60, 64
14, 21556, Note_off_c, 10, 66, 64
14, 21556, Note_off_c, 10, 69, 64
14, 21568, Note_on_c, 10, 60, 70
14, 21568, Note_on_c, 10, 66, 70
14, 21568, Note_on_c, 10, 69, 70
14, 21620, Note_off_c, 10, 60, 64
14, 21620, Note_off_c, 10, 66, 64
14, 21620, Note_off_c, 10, 69, 64
14, 21632, Note_on_c, 10, 60, 76
14, 21632, Note_on_c, 10, 66, 76
14, 21632, Note_on_c, 10, 69, 76
14, 21684, Note_off_c, 10, 60, 64
14, 21684, Note_off_c, 10, 66, 64
14, 21684, Note_off_c, 10, 69, 64
14, 21696, Note_on_c, 10, 60, 72
14, 21696, Note_on_c, 10, 66, 72
14, 21696, Note_on_c, 10, 69, 72
14, 21748, Note_off_c, 10, 60, 64
14, 21748, Note_off_c, 10, 66, 64
14, 21748, Note_off_c, 10, 69, 64
14, 21760, Note_on_c, 10, 60, 70
14, 21760, Note_on_c, 10, 66, 70
14, 21760, Note_on_c, 10, 69, 70
14, 21812, Note_off_c, 10, 60, 64
14, 21812, Note_off_c, 10, 66, 64
14, 21812, Note_off_c, 10, 69, 64
14, 21824, Note_on_c, 10, 60, 76
14, 21824, Note_on_c, 10, 66, 76
14, 21824, Note_on_c, 10, 69, 76
14, 21876, Note_off_c, 10, 60, 64
14, 21876, Note_off_c, 10, 66, 64
14, 21876, Note_off_c, 10, 69, 64
14, 21888, Note_on_c, 10, 60, 81
14, 21888, Note_on_c, 10, 66, 81
14, 21888, Note_on_c, 10, 69, 81
14, 21940, Note_off_c, 10, 60, 64
14, 21940, Note_off_c, 10, 66, 64
14, 21940, Note_off_c, 10, 69, 64
14, 21952, Note_on_c, 10, 60, 76
14, 21952, Note_on_c, 10, 66, 76
14, 21952, Note_on_c, 10, 69, 76
14, 22004, Note_off_c, 10, 60, 64
14, 22004, Note_off_c, 10, 66, 64
14, 22004, Note_off_c, 10, 69, 64
14, 22016, Note_on_c, 10, 60, 83
14, 22016, Note_on_c, 10, 66, 83
14, 22016, Note_on_c, 10, 69, 83
14, 22068, Note_off_c, 10, 60, 64
14, 22068, Note_off_c, 10, 66, 64
14, 22068, Note_off_c, 10, 69, 64
14, 22080, Note_on_c, 10, 60, 84
14, 22080, Note_on_c, 10, 66, 84
14, 22080, Note_on_c, 10, 69, 84
14, 22132, Note_off_c, 10, 60, 64
14, 22132, Note_off_c, 10, 66, 64
14, 22132, Note_off_c, 10, 69, 64
14, 22144, Note_on_c, 10, 60, 88
14, 22144, Note_on_c, 10, 66, 88
14, 22144, Note_on_c, 10, 69, 88
14, 22196, Note_off_c, 10, 60, 64
14, 22196, Note_off_c, 10, 66, 64
14, 22196, Note_off_c, 10, 69, 64
14, 22208, Note_on_c, 10, 60, 91
14, 22208, Note_on_c, 10, 66, 91
14, 22208, Note_on_c, 10, 69, 91
14, 22260, Note_off_c, 10, 60, 64
14, 22260, Note_off_c, 10, 66, 64
14, 22260, Note_off_c, 10, 69, 64
14, 22272, Note_on_c, 10, 60, 94
14, 22272, Note_on_c, 10, 66, 94
14, 22272, Note_on_c, 10, 69, 94
14, 22324, Note_off_c, 10, 60, 64
14, 22324, Note_off_c, 10, 66, 64
14, 22324, Note_off_c, 10, 69, 64
14, 33808, Note_on_c, 10, 51, 72
14, 33882, Note_on_c, 10, 55, 79
14, 33940, Note_on_c, 10, 61, 78
14, 34000, Note_on_c, 10, 64, 70
14, 34402, Note_off_c, 10, 55, 64
14, 34416, Note_off_c, 10, 64, 64
14, 34420, Note_off_c, 10, 51, 64
14, 34420, Note_off_c, 10, 61, 64
14, 35720, Note_on_c, 10, 51, 73
14, 35744, Note_on_c, 10, 55, 74
14, 35764, Note_on_c, 10, 61, 73
14, 35800, Note_on_c, 10, 64, 63
14, 36080, Note_off_c, 10, 61, 64
14, 36096, Note_on_c, 10, 44, 67
14, 36100, Note_off_c, 10, 51, 64
14, 36116, Note_off_c, 10, 64, 64
14, 36120, Note_on_c, 10, 51, 72
14, 36124, Note_off_c, 10, 55, 64
14, 36132, Note_on_c, 10, 55, 65
14, 36156, Note_on_c, 10, 60, 83
14, 36184, Note_on_c, 10, 63, 67
14, 37182, Note_off_c, 10, 44, 64
14, 37192, Note_off_c, 10, 51, 64
14, 37196, Note_off_c, 10, 60, 64
14, 37196, Note_off_c, 10, 55, 64
14, 37202, Note_off_c, 10, 63, 64
14, 37202, End_track
0, 0, End_of_file
